samples/map_ndvi.asc
ncols        95
nrows        77
xllcorner    639958.572799999965
yllcorner    6699796.106700000353
cellsize     30.000000000000
NODATA_value  -1
[rows 51 to 67 of 77, columns 39 to 77 of 95]
0.25743687152862548828 0.22577401995658874512 0.30310416221618652344 0.35496941208839416504 0.37482318282127380371 0.34614104032516479492 0.32726484537124633789 0.28204321861267089844 0.23644761741161346436 0.24432146549224853516 0.2909247279167175293 0.29758843779563903809 0.30452641844749450684 0.33457350730895996094 0.31323361396789550781 0.31296950578689575195 0.33199802041053771973 0.32581633329391479492 0.30761477351188659668 0.31290021538734436035 0.32144239544868469238 0.30285486578941345215 0.29194763302803039551 0.29458066821098327637 0.26210579276084899902 0.26629865169525146484 0.26142516732215881348 0.27440825104713439941 0.3004322052001953125 0.32691231369972229004 0.2815005183219909668 0.27853146195411682129 0.28336700797080993652 0.28642642498016357422 0.27625203132629394531 0.2736053168773651123 0.27374947071075439453 0.26591092348098754883 0.25816234946250915527
0.31433466076850891113 0.29250133037567138672 0.25296568870544433594 0.25768694281578063965 0.2853170931339263916 0.30482184886932373047 0.28749310970306396484 0.27233627438545227051 0.2888653874397277832 0.27288529276847839355 0.26208543777465820313 0.28361776471138000488 0.35385560989379882813 0.38561764359474182129 0.35816660523414611816 0.34413880109786987305 0.32274028658866882324 0.32571038603782653809 0.30977100133895874023 0.3156821131706237793 0.33573123812675476074 0.32073283195495605469 0.28895229101181030273 0.27199652791023254395 0.25206840038299560547 0.27519875764846801758 0.27012610435485839844 0.26847186684608459473 0.2995840907096862793 0.29884025454521179199 0.28214630484580993652 0.27144291996955871582 0.29406052827835083008 0.29492056369781494141 0.28543499112129211426 0.2790113985538482666 0.27489003539085388184 0.28813430666923522949 0.26491981744766235352
0.28675031661987304688 0.24879062175750732422 0.25884395837783813477 0.28308153152465820313 0.29642084240913391113 0.29788917303085327148 0.29736915230751037598 0.28347328305244445801 0.27332979440689086914 0.26837250590324401855 0.2725747227668762207 0.30617254972457885742 0.33537256717681884766 0.36334010958671569824 0.38902813196182250977 0.3817819058895111084 0.33964836597442626953 0.3133901059627532959 0.30832174420356750488 0.31098195910453796387 0.31464174389839172363 0.29222840070724487305 0.28459489345550537109 0.25469043850898742676 0.26364129781723022461 0.27791360020637512207 0.27400353550910949707 0.27640035748481750488 0.28326693177223205566 0.29012078046798706055 0.28943994641304016113 0.27432879805564880371 0.27805694937705993652 0.27974471449851989746 0.28575754165649414063 0.28796204924583435059 0.28856939077377319336 0.28823173046112060547 0.28728690743446350098
0.38461539149284362793 0.34684988856315612793 0.3121776282787322998 0.30293160676956176758 0.29371050000190734863 0.26819828152656555176 0.26697054505348205566 0.27438095211982727051 0.30441164970397949219 0.3298759162425994873 0.34264957904815673828 0.35192820429801940918 0.35692194104194641113 0.36869132518768310547 0.36833411455154418945 0.39111429452896118164 0.37691217660903930664 0.31579148769378662109 0.2855300605297088623 0.27689966559410095215 0.27264034748077392578 0.2870451509952545166 0.27234092354774475098 0.25704562664031982422 0.27319735288619995117 0.28015604615211486816 0.28014233708381652832 0.27237525582313537598 0.28617590665817260742 0.29235404729843139648 0.28337991237640380859 0.28862884640693664551 0.28153795003890991211 0.27004089951515197754 0.27003127336502075195 0.27302113175392150879 0.26847183704376220703 0.27372518181800842285 0.28590178489685058594
0.42170318961143493652 0.39653944969177246094 0.34355714917182922363 0.32277634739875793457 0.25904259085655212402 0.22545090317726135254 0.28528645634651184082 0.32409277558326721191 0.38321462273597717285 0.41814559698104858398 0.41918584704399108887 0.41928526759147644043 0.40989574790000915527 0.39385280013084411621 0.37715303897857666016 0.36551886796951293945 0.38863852620124816895 0.32369810342788696289 0.25035065412521362305 0.25296100974082946777 0.26192176342010498047 0.28818994760513305664 0.26232388615608215332 0.26367837190628051758 0.29030892252922058105 0.29405587911605834961 0.27833613753318786621 0.27173015475273132324 0.29056334495544433594 0.29538425803184509277 0.28490915894508361816 0.28575819730758666992 0.28687307238578796387 0.27800923585891723633 0.26800820231437683105 0.2668698728084564209 0.26604211330413818359 0.27072426676750183105 0.26862761378288269043
0.40321961045265197754 0.35343760251998901367 0.32537403702735900879 0.30975571274757385254 0.27815860509872436523 0.32033216953277587891 0.36356306076049804688 0.42023926973342895508 0.42268347740173339844 0.43222153186798095703 0.42368012666702270508 0.4202092289924621582 0.40723603963851928711 0.40011522173881530762 0.3985805809497833252 0.39765813946723937988 0.41112247109413146973 0.34939759969711303711 0.25835260748863220215 0.24941213428974151611 0.27389979362487792969 0.29129037261009216309 0.26691949367523193359 0.27313882112503051758 0.29731446504592895508 0.29247057437896728516 0.27463099360466003418 0.26962891221046447754 0.28919261693954467773 0.30334794521331787109 0.30023914575576782227 0.27246311306953430176 0.28891715407371520996 0.28946977853775024414 0.27966967225074768066 0.25992318987846374512 0.26091203093528747559 0.26459646224975585938 0.26017531752586364746
0.41553530097007751465 0.34228089451789855957 0.34585174918174743652 0.35281655192375183105 0.39534556865692138672 0.41011679172515869141 0.42178493738174438477 0.42467781901359558105 0.41376832127571105957 0.41846141219139099121 0.41613373160362243652 0.41124984622001647949 0.40699088573455810547 0.39913073182106018066 0.40769872069358825684 0.41552510857582092285 0.44566363096237182617 0.40771943330764770508 0.3282699286937713623 0.26428043842315673828 0.29163444042205810547 0.28282526135444641113 0.2566878199577331543 0.27285864949226379395 0.29558378458023071289 0.28775778412818908691 0.28107902407646179199 0.29161661863327026367 0.28436636924743652344 0.29726696014404296875 0.29759317636489868164 0.26819652318954467773 0.28025913238525390625 0.27438193559646606445 0.28045952320098876953 0.27609071135520935059 0.27980497479438781738 0.27487844228744506836 0.26588806509971618652
0.39434453845024108887 0.35026517510414123535 0.38892093300819396973 0.40971457958221435547 0.41810569167137145996 0.4281921684741973877 0.42150235176086425781 0.41786354780197143555 0.41090163588523864746 0.41412615776062011719 0.4150212407112121582 0.41528862714767456055 0.41546547412872314453 0.41353496909141540527 0.41680666804313659668 0.42181321978569030762 0.43756273388862609863 0.45214477181434631348 0.41043159365653991699 0.35604709386825561523 0.31143453717231750488 0.27370277047157287598 0.26599678397178649902 0.28235039114952087402 0.28043502569198608398 0.27891814708709716797 0.30463168025016784668 0.31443357467651367188 0.3171501457691192627 0.30815595388412475586 0.29978254437446594238 0.27526319026947021484 0.26122784614562988281 0.23326231539249420166 0.23617696762084960938 0.25377854704856872559 0.26534134149551391602 0.26623702049255371094 0.26536649465560913086
0.35755693912506103516 0.34658646583557128906 0.37334510684013366699 0.36861628293991088867 0.4075812995433807373 0.42169034481048583984 0.41212418675422668457 0.41425615549087524414 0.41759771108627319336 0.41517335176467895508 0.41865071654319763184 0.41892597079277038574 0.40994048118591308594 0.40814232826232910156 0.42108777165412902832 0.4238713383674621582 0.42155414819717407227 0.43814027309417724609 0.45675832033157348633 0.42173185944557189941 0.30374220013618469238 0.25723412632942199707 0.2696838676929473877 0.29162898659706115723 0.27935039997100830078 0.29774126410484313965 0.30457258224487304688 0.30374419689178466797 0.30742931365966796875 0.29775831103324890137 0.29324117302894592285 0.27676939964294433594 0.24926531314849853516 0.24336332082748413086 0.2301388084888458252 0.22960053384304046631 0.25536993145942687988 0.25022599101066589355 0.2532317042350769043
0.25410947203636169434 0.25904706120491027832 0.24924950301647186279 0.21212121844291687012 0.2147989124059677124 0.24126954376697540283 0.30803176760673522949 0.33997300267219543457 0.33755785226821899414 0.34267547726631164551 0.3651491999626159668 0.38807281851768493652 0.38184460997581481934 0.41105040907859802246 0.41772529482841491699 0.42231342196464538574 0.428844451904296875 0.43010047078132629395 0.44474622607231140137 0.37745150923728942871 0.28184753656387329102 0.25701597332954406738 0.26789119839668273926 0.2971699833869934082 0.28885513544082641602 0.30550053715705871582 0.29884320497512817383 0.3015791475772857666 0.29291957616806030273 0.25866645574569702148 0.26739281415939331055 0.27032899856567382813 0.24982456862926483154 0.23751568794250488281 0.19367145001888275146 0.22239054739475250244 0.26682639122009277344 0.24549807608127593994 0.25060865283012390137
0.2849635779857635498 0.2876732945442199707 0.28065857291221618652 0.24824750423431396484 0.22700603306293487549 0.22600546479225158691 0.20630696415901184082 0.20506183803081512451 0.22976204752922058105 0.24367274343967437744 0.24511125683784484863 0.25752872228622436523 0.25169339776039123535 0.27782240509986877441 0.32387399673461914063 0.35423821210861206055 0.3709856867790222168 0.37372040748596191406 0.39478006958961486816 0.33713603019714355469 0.28104236721992492676 0.26997515559196472168 0.26938652992248535156 0.29631116986274719238 0.30973514914512634277 0.31554102897644042969 0.30692997574806213379 0.30351057648658752441 0.27950024604797363281 0.25294139981269836426 0.25146698951721191406 0.26018133759498596191 0.26421898603439331055 0.26518264412879943848 0.2429968416690826416 0.23530316352844238281 0.24738867580890655518 0.24753181636333465576 0.26318648457527160645
0.30570438504219055176 0.31786352396011352539 0.31867808103561401367 0.31275808811187744141 0.3137531280517578125 0.31152194738388061523 0.30639311671257019043 0.29993116855621337891 0.29098755121231079102 0.28622967004776000977 0.27596503496170043945 0.26462835073471069336 0.26598125696182250977 0.24454870820045471191 0.20708078145980834961 0.20737288892269134521 0.23145462572574615479 0.25433525443077087402 0.25683361291885375977 0.26775673031806945801 0.2750720679759979248 0.26658678054809570313 0.26478302478790283203 0.28696233034133911133 0.3110637962818145752 0.30698040127754211426 0.30801782011985778809 0.2961603999137878418 0.26740783452987670898 0.25662329792976379395 0.24680417776107788086 0.250232696533203125 0.25950363278388977051 0.27240678668022155762 0.28330582380294799805 0.26604938507080078125 0.24704124033451080322 0.25293910503387451172 0.2738819122314453125
0.29970496892929077148 0.31147179007530212402 0.31410962343215942383 0.31055811047554016113 0.31466203927993774414 0.32464531064033508301 0.32450476288795471191 0.32541859149932861328 0.32479518651962280273 0.32688066363334655762 0.32112446427345275879 0.31758099794387817383 0.32190871238708496094 0.31184363365173339844 0.29868003726005554199 0.29755485057830810547 0.30759960412979125977 0.29679673910140991211 0.28453972935676574707 0.26810967922210693359 0.25947877764701843262 0.24149851500988006592 0.22557465732097625732 0.24439486861228942871 0.26688227057456970215 0.27630513906478881836 0.26597106456756591797 0.24839375913143157959 0.26263317465782165527 0.26321062445640563965 0.25027373433113098145 0.24926526844501495361 0.25308072566986083984 0.27360424399375915527 0.26410749554634094238 0.27539408206939697266 0.26487773656845092773 0.26929423213005065918 0.28209033608436584473
0.27012151479721069336 0.3002770543098449707 0.30988106131553649902 0.31144696474075317383 0.31176829338073730469 0.31873056292533874512 0.31952941417694091797 0.31984302401542663574 0.32600420713424682617 0.33886799216270446777 0.3320598602294921875 0.32288157939910888672 0.32567185163497924805 0.32206061482429504395 0.31406944990158081055 0.31840664148330688477 0.35199084877967834473 0.37077131867408752441 0.36001154780387878418 0.34671992063522338867 0.33133828639984130859 0.31175202131271362305 0.30350846052169799805 0.29476603865623474121 0.27143466472625732422 0.27366945147514343262 0.24718527495861053467 0.22054623067378997803 0.23143492639064788818 0.23070386052131652832 0.21502822637557983398 0.21860070526599884033 0.2333179861307144165 0.25517347455024719238 0.23351186513900756836 0.24911935627460479736 0.25767195224761962891 0.25981321930885314941 0.2618618309497833252
0.18833021819591522217 0.24752090871334075928 0.28796395659446716309 0.2707309424877166748 0.28263425827026367188 0.28942015767097473145 0.30990162491798400879 0.31711331009864807129 0.32645854353904724121 0.34872579574584960938 0.34615787863731384277 0.32775583863258361816 0.32574996352195739746 0.30465325713157653809 0.23684391379356384277 0.31259405612945556641 0.33508348464965820313 0.36416101455688476563 0.36269149184226989746 0.36125540733337402344 0.34511068463325500488 0.3237069249153137207 0.33055853843688964844 0.33698672056198120117 0.32388585805892944336 0.31772834062576293945 0.28005951642990112305 0.2844588160514831543 0.28981956839561462402 0.28528735041618347168 0.26936489343643188477 0.25323459506034851074 0.24822640419006347656 0.25172686576843261719 0.24333952367305755615 0.24147726595401763916 0.23989975452423095703 0.22489488124847412109 0.2233142852783203125
0.18939577043056488037 0.20783597230911254883 0.22948287427425384521 0.21547448635101318359 0.23027274012565612793 0.23684029281139373779 0.26865828037261962891 0.30625998973846435547 0.3289330601692199707 0.34494966268539428711 0.33561620116233825684 0.3247731328010559082 0.31839698553085327148 0.30668818950653076172 0.30124109983444213867 0.30912193655967712402 0.32662019133567810059 0.3534743189811706543 0.36444333195686340332 0.35403546690940856934 0.32285925745964050293 0.2998295128345489502 0.31013244390487670898 0.33066666126251220703 0.32854416966438293457 0.30235788226127624512 0.27769121527671813965 0.28248697519302368164 0.29385617375373840332 0.29882913827896118164 0.29351910948753356934 0.28429841995239257813 0.2905012965202331543 0.29952552914619445801 0.29429763555526733398 0.28613570332527160645 0.28528916835784912109 0.29047563672065734863 0.29239138960838317871
0.25409778952598571777 0.26026549935340881348 0.22032430768013000488 0.22585402429103851318 0.21501657366752624512 0.20865361392498016357 0.23671329021453857422 0.2756087183952331543 0.31833314895629882813 0.32860553264617919922 0.31145206093788146973 0.30563756823539733887 0.30551242828369140625 0.2968133389949798584 0.29833969473838806152 0.30724084377288818359 0.31193274259567260742 0.33330827951431274414 0.34096711874008178711 0.33430513739585876465 0.31122753024101257324 0.30574661493301391602 0.33125209808349609375 0.32796144485473632813 0.31761768460273742676 0.29081261157989501953 0.28362423181533813477 0.2799587249755859375 0.29053056240081787109 0.30632054805755615234 0.28990352153778076172 0.2842559814453125 0.29289826750755310059 0.2948118746280670166 0.29944461584091186523 0.29403480887413024902 0.30188825726509094238 0.31739079952239990234 0.32487156987190246582
