samples/map_ndvi.asc
ncols        95
nrows        77
xllcorner    639958.572799999965
yllcorner    6699796.106700000353
cellsize     30.000000000000
NODATA_value  -1
[rows 0 to 16 of 77, columns 39 to 77 of 95]
0.41221138834953308105 0.41742473840713500977 0.40731838345527648926 0.4123999476432800293 0.42761543393135070801 0.42387881875038146973 0.41681888699531555176 0.42524519562721252441 0.42470565438270568848 0.4295540153980255127 0.42828544974327087402 0.40561875700950622559 0.39842617511749267578 0.40240380167961120605 0.40152433514595031738 0.39874508976936340332 0.39532503485679626465 0.39831396937370300293 0.40744721889495849609 0.40143537521362304688 0.40776324272155761719 0.4250647425651550293 0.43153449892997741699 0.4273141026496887207 0.41771098971366882324 0.4044716954231262207 0.39354175329208374023 0.40595284104347229004 0.41400885581970214844 0.40969130396842956543 0.41503629088401794434 0.42375168204307556152 0.43004876375198364258 0.43170723319053649902 0.43616247177124023438 0.42777860164642333984 0.41701105237007141113 0.41700586676597595215 0.43421968817710876465
0.43798932433128356934 0.41570052504539489746 0.39959353208541870117 0.40704485774040222168 0.41511234641075134277 0.42002275586128234863 0.41500401496887207031 0.4242833554744720459 0.42199701070785522461 0.4172585904598236084 0.42502143979072570801 0.41693550348281860352 0.4078070223331451416 0.3983599543571472168 0.39766702055931091309 0.40226396918296813965 0.39119109511375427246 0.39914095401763916016 0.40233200788497924805 0.40638881921768188477 0.40303489565849304199 0.40960603952407836914 0.42936760187149047852 0.42763426899909973145 0.42337271571159362793 0.38247439265251159668 0.31137329339981079102 0.30000001192092895508 0.4017207026481628418 0.41851752996444702148 0.42537090182304382324 0.42583373188972473145 0.43460038304328918457 0.43590116500854492188 0.43974789977073669434 0.44332340359687805176 0.43879991769790649414 0.43694758415222167969 0.43344083428382873535
0.43823990225791931152 0.42429584264755249023 0.42975267767906188965 0.43075391650199890137 0.42045795917510986328 0.4185657799243927002 0.4040730595588684082 0.40558382868766784668 0.40621981024742126465 0.40518808364868164063 0.41891533136367797852 0.42321422696113586426 0.41244882345199584961 0.40312099456787109375 0.38964751362800598145 0.39020934700965881348 0.39925709366798400879 0.39974066615104675293 0.40261662006378173828 0.40716058015823364258 0.40974897146224975586 0.40553316473960876465 0.40912595391273498535 0.41455250978469848633 0.41618975996971130371 0.40268307924270629883 0.33762162923812866211 0.34212782979011535645 0.3506152033805847168 0.4257068932056427002 0.42026570439338684082 0.41335883736610412598 0.42203491926193237305 0.43330267071723937988 0.43401229381561279297 0.43046894669532775879 0.43677490949630737305 0.43588995933532714844 0.42844483256340026855
0.42101296782493591309 0.41482019424438476563 0.42194664478302001953 0.42755159735679626465 0.42417088150978088379 0.42318263649940490723 0.43437996506690979004 0.42671301960945129395 0.41688233613967895508 0.40998569130897521973 0.41457074880599975586 0.41253063082695007324 0.40743029117584228516 0.39621755480766296387 0.3792216181755065918 0.4006634056568145752 0.40206506848335266113 0.39439460635185241699 0.39506074786186218262 0.4027258455753326416 0.40355783700942993164 0.40575501322746276855 0.41065877676010131836 0.40925511717796325684 0.40981096029281616211 0.4047101140022277832 0.3517939448356628418 0.32510009407997131348 0.3510837554931640625 0.41442164778709411621 0.41115465760231018066 0.40808454155921936035 0.42132017016410827637 0.43476983904838562012 0.44114762544631958008 0.4393481910228729248 0.44111704826354980469 0.44385102391242980957 0.44652378559112548828
0.40189698338508605957 0.40925925970077514648 0.41196319460868835449 0.41947692632675170898 0.41788840293884277344 0.41520068049430847168 0.42670303583145141602 0.43463054299354553223 0.42576402425765991211 0.41271421313285827637 0.41281944513320922852 0.4186636507511138916 0.41558244824409484863 0.41007304191589355469 0.40236937999725341797 0.40302237868309020996 0.40161049365997314453 0.39599639177322387695 0.39093834161758422852 0.39569365978240966797 0.39936476945877075195 0.39782753586769104004 0.3999843597412109375 0.40081128478050231934 0.40443825721740722656 0.41165277361869812012 0.42450371384620666504 0.40104463696479797363 0.39372739195823669434 0.40442121028900146484 0.4147421419620513916 0.42753058671951293945 0.4271895289421081543 0.43080165982246398926 0.4339885711669921875 0.43373891711235046387 0.43619894981384277344 0.43516588211059570313 0.43233788013458251953
0.42202836275100708008 0.41529554128646850586 0.41021302342414855957 0.41141739487648010254 0.40310078859329223633 0.41197195649147033691 0.41634654998779296875 0.43563482165336608887 0.41904184222221374512 0.40869700908660888672 0.42327189445495605469 0.41972979903221130371 0.4182688593864440918 0.42013850808143615723 0.41399672627449035645 0.37915113568305969238 0.34372979402542114258 0.37694728374481201172 0.37722942233085632324 0.3825149834156036377 0.39184677600860595703 0.39207223057746887207 0.39580950140953063965 0.40149742364883422852 0.40081760287284851074 0.40370443463325500488 0.40369042754173278809 0.40749305486679077148 0.395236968994140625 0.38630905747413635254 0.40522697567939758301 0.42869892716407775879 0.42210903763771057129 0.42790317535400390625 0.43362182378768920898 0.43107527494430541992 0.42975449562072753906 0.42677667737007141113 0.43452882766723632813
0.43537589907646179199 0.42685237526893615723 0.4195912480354309082 0.42042756080627441406 0.41102650761604309082 0.40819084644317626953 0.41111496090888977051 0.41896605491638183594 0.41405504941940307617 0.39270836114883422852 0.41698342561721801758 0.41920834779739379883 0.41830113530158996582 0.41868641972541809082 0.41924089193344116211 0.39516720175743103027 0.37643584609031677246 0.36204439401626586914 0.37278833985328674316 0.37836408615112304688 0.38699194788932800293 0.3944295346736907959 0.39520341157913208008 0.39652311801910400391 0.39788070321083068848 0.40437966585159301758 0.39914298057556152344 0.40160125494003295898 0.40242522954940795898 0.40360954403877258301 0.39183834195137023926 0.39728394150733947754 0.42423447966575622559 0.42871949076652526855 0.42968288064002990723 0.43216505646705627441 0.42692050337791442871 0.42770302295684814453 0.43091231584548950195
0.43318703770637512207 0.43566095829010009766 0.43129152059555053711 0.42739635705947875977 0.42791455984115600586 0.41870915889739990234 0.41792061924934387207 0.40576514601707458496 0.41215723752975463867 0.41950815916061401367 0.41605117917060852051 0.4132029414176940918 0.41516026854515075684 0.41384422779083251953 0.40979605913162231445 0.39056295156478881836 0.40264910459518432617 0.41410556435585021973 0.40500804781913757324 0.3698946833610534668 0.34957954287528991699 0.37385064363479614258 0.38974234461784362793 0.39012306928634643555 0.39705419540405273438 0.40045371651649475098 0.4003524482250213623 0.40264412760734558105 0.40410637855529785156 0.40219935774803161621 0.39935725927352905273 0.38920816779136657715 0.3999608457088470459 0.42574331164360046387 0.43305000662803649902 0.4273732602596282959 0.42851859331130981445 0.42814934253692626953 0.41969379782676696777
0.43071630597114562988 0.43032589554786682129 0.429965972900390625 0.43616786599159240723 0.43452382087707519531 0.427242279052734375 0.38257950544357299805 0.37736305594444274902 0.40963903069496154785 0.41846120357513427734 0.41939631104469299316 0.41713419556617736816 0.41041922569274902344 0.40872758626937866211 0.41467827558517456055 0.39501526951789855957 0.39513880014419555664 0.42027038335800170898 0.44379076361656188965 0.43765613436698913574 0.3985970914363861084 0.37026861310005187988 0.36200118064880371094 0.36842104792594909668 0.38384571671485900879 0.39720857143402099609 0.39715364575386047363 0.39841482043266296387 0.39927831292152404785 0.39905956387519836426 0.39727646112442016602 0.39854162931442260742 0.40051698684692382813 0.40702661871910095215 0.42267191410064697266 0.42319771647453308105 0.42869839072227478027 0.4287084043025970459 0.42539057135581970215
0.42479857802391052246 0.42857143282890319824 0.42431947588920593262 0.43204134702682495117 0.43553829193115234375 0.43452554941177368164 0.36700731515884399414 0.40431100130081176758 0.41927930712699890137 0.41366136074066162109 0.4205875694751739502 0.41865739226341247559 0.41044661402702331543 0.41462123394012451172 0.41464877128601074219 0.40627384185791015625 0.41428518295288085938 0.40880984067916870117 0.40355065464973449707 0.41965284943580627441 0.42624574899673461914 0.42086943984031677246 0.41024562716484069824 0.37362772226333618164 0.35899722576141357422 0.36413845419883728027 0.39489305019378662109 0.40219557285308837891 0.40107202529907226563 0.39768582582473754883 0.39724192023277282715 0.40045407414436340332 0.40772831439971923828 0.38327190279960632324 0.38499060273170471191 0.42875152826309204102 0.43003803491592407227 0.42507463693618774414 0.43558549880981445313
0.42083662748336791992 0.41603183746337890625 0.36988326907157897949 0.38794779777526855469 0.39236810803413391113 0.40011388063430786133 0.37890517711639404297 0.41996461153030395508 0.42343017458915710449 0.41621005535125732422 0.41897112131118774414 0.41814604401588439941 0.4162121117115020752 0.41855838894844055176 0.40811637043952941895 0.34037730097770690918 0.4284464716911315918 0.42563951015472412109 0.4085922539234161377 0.40901067852973937988 0.42022436857223510742 0.41230571269989013672 0.41834369301795959473 0.43168410658836364746 0.40100556612014770508 0.36563912034034729004 0.33656299114227294922 0.37044051289558410645 0.40249803662300109863 0.39181891083717346191 0.39215451478958129883 0.40655419230461120605 0.40952381491661071777 0.395076751708984375 0.39442232251167297363 0.41691625118255615234 0.42699500918388366699 0.41598609089851379395 0.41163948178291320801
0.40516212582588195801 0.37399145960807800293 0.28764134645462036133 0.25086069107055664063 0.31213599443435668945 0.31928944587707519531 0.31843674182891845703 0.41640689969062805176 0.42684203386306762695 0.42345118522644042969 0.42479103803634643555 0.41910317540168762207 0.41399037837982177734 0.41799181699752807617 0.41625082492828369141 0.41532936692237854004 0.41729435324668884277 0.42337623238563537598 0.41689413785934448242 0.41629046201705932617 0.41220498085021972656 0.40052244067192077637 0.39479053020477294922 0.40141689777374267578 0.42237085103988647461 0.42383328080177307129 0.41134566068649291992 0.3989028632640838623 0.39167690277099609375 0.38711875677108764648 0.39076751470565795898 0.39069840312004089355 0.40413460135459899902 0.40194475650787353516 0.40080559253692626953 0.4077434837818145752 0.41867887973785400391 0.41475501656532287598 0.38992294669151306152
0.39031711220741271973 0.35551032423973083496 0.36232423782348632813 0.37185782194137573242 0.32732564210891723633 0.32333746552467346191 0.29426261782646179199 0.36075580120086669922 0.42304944992065429688 0.42545291781425476074 0.42152500152587890625 0.41785958409309387207 0.41525003314018249512 0.41397565603256225586 0.40914833545684814453 0.43478259444236755371 0.42700377106666564941 0.41289386153221130371 0.41167932748794555664 0.41280773282051086426 0.41290420293807983398 0.41225391626358032227 0.41014847159385681152 0.40837293863296508789 0.41200229525566101074 0.41825136542320251465 0.42393627762794494629 0.42448261380195617676 0.41285026073455810547 0.39500665664672851563 0.39091089367866516113 0.40809088945388793945 0.42016744613647460938 0.40915849804878234863 0.40519729256629943848 0.41951474547386169434 0.42717015743255615234 0.42526268959045410156 0.39003854990005493164
0.3184096217155456543 0.33602467179298400879 0.33703717589378356934 0.33149534463882446289 0.28810134530067443848 0.36551886796951293945 0.3124917447566986084 0.36310791969299316406 0.39772593975067138672 0.42360013723373413086 0.4187348783016204834 0.4159997105598449707 0.42121896147727966309 0.41800606250762939453 0.35313698649406433105 0.36800944805145263672 0.42096382379531860352 0.41102036833763122559 0.40418455004692077637 0.40705102682113647461 0.41147246956825256348 0.40955814719200134277 0.40641030669212341309 0.41388994455337524414 0.414562225341796875 0.38938477635383605957 0.39643281698226928711 0.42718806862831115723 0.4357344210147857666 0.41913703083992004395 0.42013412714004516602 0.43041339516639709473 0.42870679497718811035 0.42322871088981628418 0.43339750170707702637 0.42271783947944641113 0.40917277336120605469 0.42594864964485168457 0.41210702061653137207
0.40976992249488830566 0.4169108271598815918 0.31307044625282287598 0.349365234375 0.31100681424140930176 0.34423139691352844238 0.29003804922103881836 0.27555111050605773926 0.40008422732353210449 0.41728451848030090332 0.41916894912719726563 0.42311015725135803223 0.42614778876304626465 0.42613554000854492188 0.3442223668098449707 0.4225139319896697998 0.43058305978775024414 0.41550981998443603516 0.41533559560775756836 0.40373054146766662598 0.41082072257995605469 0.41289803385734558105 0.41132277250289916992 0.41559821367263793945 0.41822525858879089355 0.33008801937103271484 0.25448706746101379395 0.26889431476593017578 0.39637264609336853027 0.42490977048873901367 0.43355277180671691895 0.42659339308738708496 0.42040270566940307617 0.4210681915283203125 0.41779801249504089355 0.40627878904342651367 0.40443310141563415527 0.41856154799461364746 0.41467088460922241211
0.40340399742126464844 0.42596206068992614746 0.32691231369972229004 0.34924489259719848633 0.40516078472137451172 0.3720239102840423584 0.36865225434303283691 0.35928702354431152344 0.39191213250160217285 0.40920597314834594727 0.4161854088306427002 0.39379569888114929199 0.39865550398826599121 0.4152583777904510498 0.35759752988815307617 0.44296741485595703125 0.42873033881187438965 0.41574570536613464355 0.41717582941055297852 0.41798421740531921387 0.41844347119331359863 0.41731926798820495605 0.41810181736946105957 0.41672033071517944336 0.41851130127906799316 0.39934584498405456543 0.3169803917407989502 0.20649884641170501709 0.24168580770492553711 0.37613129615783691406 0.42707109451293945313 0.4330463707447052002 0.42731535434722900391 0.43187099695205688477 0.43364566564559936523 0.40502846240997314453 0.40583637356758117676 0.4088446497917175293 0.41600602865219116211
0.43094742298126220703 0.4154345393180847168 0.39693281054496765137 0.2500839531421661377 0.32064759731292724609 0.39642482995986938477 0.39531660079956054688 0.38946953415870666504 0.40943041443824768066 0.41989284753799438477 0.43730172514915466309 0.42967525124549865723 0.42875641584396362305 0.40880361199378967285 0.38878387212753295898 0.41056349873542785645 0.42282080650329589844 0.42134809494018554688 0.41758325695991516113 0.41888985037803649902 0.41691294312477111816 0.4131056368350982666 0.41137352585792541504 0.41424119472503662109 0.420780181884765625 0.41317987442016601563 0.35348919034004211426 0.30042594671249389648 0.21609745919704437256 0.28763779997825622559 0.35962015390396118164 0.40130770206451416016 0.43364953994750976563 0.43092933297157287598 0.41466185450553894043 0.39891907572746276855 0.40065681934356689453 0.40161284804344177246 0.40525949001312255859
