samples/map_ndvi.asc
ncols        95
nrows        77
xllcorner    639958.572799999965
yllcorner    6699796.106700000353
cellsize     30.000000000000
NODATA_value  -1
[rows 0 to 16 of 77, columns 0 to 38 of 95]
0.25103840231895446777 0.19772872328758239746 0.17930342257022857666 0.17988394200801849365 0.17448280751705169678 0.17930258810520172119 0.19204588234424591064 0.19383192062377929688 0.19296757876873016357 0.19358587265014648438 0.17484265565872192383 0.29186928272247314453 0.4177424311637878418 0.42971596121788024902 0.43514418601989746094 0.44075998663902282715 0.45115953683853149414 0.4364935457706451416 0.41274178028106689453 0.40615659952163696289 0.40805003046989440918 0.41148713231086730957 0.40577930212020874023 0.39607158303260803223 0.40033790469169616699 0.39640319347381591797 0.39965474605560302734 0.3992347419261932373 0.3622652590274810791 0.32592809200286865234 0.32690596580505371094 0.37507462501525878906 0.40977174043655395508 0.42156240344047546387 0.4316005706787109375 0.44355040788650512695 0.42893642187118530273 0.34829998016357421875 0.3563893735408782959
0.25145798921585083008 0.1967824399471282959 0.18058377504348754883 0.17459379136562347412 0.17239832878112792969 0.17938238382339477539 0.19201615452766418457 0.19955027103424072266 0.1998449862003326416 0.19913353025913238525 0.19198894500732421875 0.30110713839530944824 0.41948917508125305176 0.43535163998603820801 0.43696361780166625977 0.44581705331802368164 0.45770409703254699707 0.42907318472862243652 0.39382371306419372559 0.41225779056549072266 0.42958024144172668457 0.41904693841934204102 0.41918471455574035645 0.41858333349227905273 0.41457641124725341797 0.41927665472030639648 0.41712900996208190918 0.39571744203567504883 0.30890560150146484375 0.32224047183990478516 0.37283951044082641602 0.40918955206871032715 0.42116534709930419922 0.4362818598747253418 0.43601965904235839844 0.4401194453239440918 0.45884996652603149414 0.38076367974281311035 0.39626604318618774414
0.2636038362979888916 0.18795666098594665527 0.17943793535232543945 0.16973719000816345215 0.17397698760032653809 0.17645727097988128662 0.19258481264114379883 0.20491835474967956543 0.20240636169910430908 0.20395068824291229248 0.19383949041366577148 0.27216926217079162598 0.4336852729320526123 0.43663990497589111328 0.44252526760101318359 0.44996839761734008789 0.45932424068450927734 0.42621007561683654785 0.40987974405288696289 0.41557291150093078613 0.43882590532302856445 0.42502167820930480957 0.43673613667488098145 0.43686139583587646484 0.41460871696472167969 0.43644979596138000488 0.43676939606666564941 0.35607615113258361816 0.29842457175254821777 0.39131695032119750977 0.43112477660179138184 0.41298204660415649414 0.41751757264137268066 0.42744162678718566895 0.43821698427200317383 0.43957087397575378418 0.41665086150169372559 0.3781337440013885498 0.37792858481407165527
0.27570518851280212402 0.19378697872161865234 0.18415756523609161377 0.16816087067127227783 0.17806461453437805176 0.17652370035648345947 0.18345013260841369629 0.19995431602001190186 0.20311115682125091553 0.20710334181785583496 0.19134747982025146484 0.25962883234024047852 0.43908113241195678711 0.44006848335266113281 0.44132208824157714844 0.44991570711135864258 0.45760375261306762695 0.43365409970283508301 0.41284337639808654785 0.40337204933166503906 0.43108484148979187012 0.44751498103141784668 0.44580259919166564941 0.44172081351280212402 0.42575481534004211426 0.4427096247673034668 0.3847999274730682373 0.31487837433815002441 0.33440500497817993164 0.42187264561653137207 0.43519094586372375488 0.42396709322929382324 0.41513743996620178223 0.42183911800384521484 0.43722626566886901855 0.44444444775581359863 0.39084684848785400391 0.3399035036563873291 0.3659527897834777832
0.26036939024925231934 0.20058190822601318359 0.18467654287815093994 0.17694805562496185303 0.18300554156303405762 0.18167869746685028076 0.18368263542652130127 0.19241562485694885254 0.19937445223331451416 0.20399814844131469727 0.18585798144340515137 0.31760329008102416992 0.43780058622360229492 0.43761664628982543945 0.44121843576431274414 0.44850406050682067871 0.43959945440292358398 0.42638498544692993164 0.42857143282890319824 0.43582668900489807129 0.44710397720336914063 0.45026871562004089355 0.44984379410743713379 0.43939501047134399414 0.43178460001945495605 0.44679233431816101074 0.40960866212844848633 0.35912215709686279297 0.40086421370506286621 0.42651608586311340332 0.4373976588249206543 0.4328193962574005127 0.42235907912254333496 0.42559000849723815918 0.43672209978103637695 0.44432541728019714355 0.39150199294090270996 0.33419248461723327637 0.35530227422714233398
0.25079748034477233887 0.20721635222434997559 0.18024341762065887451 0.1815033257007598877 0.18291987478733062744 0.18550391495227813721 0.18873028457164764404 0.19617882370948791504 0.19852912425994873047 0.20048102736473083496 0.16929863393306732178 0.32981508970260620117 0.41887915134429931641 0.43008798360824584961 0.4477564692497253418 0.45734390616416931152 0.4387511909008026123 0.41250509023666381836 0.41040119528770446777 0.437957763671875 0.44684696197509765625 0.42427980899810791016 0.4273312687873840332 0.41777810454368591309 0.40060186386108398438 0.41239711642265319824 0.42602077126502990723 0.41177362203598022461 0.41299727559089660645 0.42714652419090270996 0.43962579965591430664 0.43332475423812866211 0.4305057227611541748 0.42881494760513305664 0.42873007059097290039 0.39262139797210693359 0.34917613863945007324 0.43580418825149536133 0.42007294297218322754
0.2396577298641204834 0.20559552311897277832 0.17761357128620147705 0.17910619080066680908 0.17897041141986846924 0.18449829518795013428 0.19479645788669586182 0.19825658202171325684 0.19471746683120727539 0.20525540411472320557 0.20317435264587402344 0.32202216982841491699 0.40997651219367980957 0.41340506076812744141 0.43114319443702697754 0.4504915773868560791 0.43653845787048339844 0.41159924864768981934 0.40525174140930175781 0.4120610356330871582 0.42546471953392028809 0.40220415592193603516 0.42114198207855224609 0.41046690940856933594 0.42335632443428039551 0.42759054899215698242 0.41866645216941833496 0.40725931525230407715 0.40339323878288269043 0.41680282354354858398 0.43163797259330749512 0.42983916401863098145 0.43794474005699157715 0.43950706720352172852 0.41497054696083068848 0.37946861982345581055 0.3496640622615814209 0.43912220001220703125 0.41993728280067443848
0.22887286543846130371 0.18890663981437683105 0.16808652877807617188 0.17127524316310882568 0.17633461952209472656 0.18586698174476623535 0.19613933563232421875 0.20213006436824798584 0.1966600567102432251 0.2030798792839050293 0.20276993513107299805 0.33167248964309692383 0.43491038680076599121 0.42732375860214233398 0.42920452356338500977 0.44040966033935546875 0.43594020605087280273 0.41437780857086181641 0.3923085629940032959 0.33539620041847229004 0.34394165873527526855 0.36843776702880859375 0.4243863523006439209 0.43848603963851928711 0.44668999314308166504 0.43747258186340332031 0.42152431607246398926 0.40550556778907775879 0.39315703511238098145 0.40738454461097717285 0.42275232076644897461 0.42735454440116882324 0.43369016051292419434 0.4270019233226776123 0.36023986339569091797 0.38248115777969360352 0.37606871128082275391 0.43340817093849182129 0.42697215080261230469
0.21568627655506134033 0.18350860476493835449 0.16550150513648986816 0.16591861844062805176 0.17131151258945465088 0.17828422784805297852 0.18810044229030609131 0.19723550975322723389 0.19964705407619476318 0.20252679288387298584 0.21924954652786254883 0.34726262092590332031 0.44914749264717102051 0.45565453171730041504 0.44644895195960998535 0.44524133205413818359 0.45054325461387634277 0.44774276018142700195 0.42437064647674560547 0.3382924497127532959 0.26688835024833679199 0.34613776206970214844 0.43159362673759460449 0.45376875996589660645 0.44857317209243774414 0.43564394116401672363 0.41692173480987548828 0.40008550882339477539 0.40811234712600708008 0.41491627693176269531 0.42415624856948852539 0.4296074211597442627 0.43298855423927307129 0.41156077384948730469 0.39494141936302185059 0.41086319088935852051 0.41706788539886474609 0.43431743979454040527 0.43090331554412841797
0.19651353359222412109 0.17826341092586517334 0.16760002076625823975 0.16393622756004333496 0.16565909981727600098 0.17137698829174041748 0.18514403700828552246 0.19427199661731719971 0.20104257762432098389 0.20487281680107116699 0.20615328848361968994 0.39432683587074279785 0.44607359170913696289 0.45519039034843444824 0.44928777217864990234 0.4505494534969329834 0.45686027407646179199 0.46731665730476379395 0.47919392585754394531 0.41676473617553710938 0.38339254260063171387 0.4128163456916809082 0.41055786609649658203 0.4185701906681060791 0.4160067141056060791 0.42552316188812255859 0.40767461061477661133 0.40127536654472351074 0.41505149006843566895 0.41356706619262695313 0.42625644803047180176 0.43286439776420593262 0.43767523765563964844 0.40967997908592224121 0.37330353260040283203 0.41258847713470458984 0.42947125434875488281 0.4180673062801361084 0.41976428031921386719
0.17704321444034576416 0.18718124926090240479 0.16657039523124694824 0.17020091414451599121 0.16924117505550384521 0.17473058402538299561 0.1868009716272354126 0.20385706424713134766 0.20175404846668243408 0.2046445310115814209 0.1822887808084487915 0.4237836301326751709 0.44794309139251708984 0.45677387714385986328 0.44375023245811462402 0.45128643512725830078 0.45164960622787475586 0.45487299561500549316 0.47303795814514160156 0.47205010056495666504 0.46321094036102294922 0.46906104683876037598 0.46530202031135559082 0.44113945960998535156 0.41964551806449890137 0.39047315716743469238 0.41231757402420043945 0.39769250154495239258 0.4076105952262878418 0.42126473784446716309 0.40112245082855224609 0.34110486507415771484 0.37904638051986694336 0.40394496917724609375 0.32496610283851623535 0.42589369416236877441 0.43375226855278015137 0.41326686739921569824 0.41935971379280090332
0.19299356639385223389 0.24112883210182189941 0.16866810619831085205 0.17088560760021209717 0.17060823738574981689 0.17553292214870452881 0.1888510584831237793 0.20219764113426208496 0.20718370378017425537 0.20291152596473693848 0.20615410804748535156 0.3946978449821472168 0.44281587004661560059 0.45198687911033630371 0.45669043064117431641 0.45565187931060791016 0.45821306109428405762 0.46008697152137756348 0.4661833345890045166 0.47650235891342163086 0.46719503402709960938 0.46852329373359680176 0.46361514925956726074 0.4540500342845916748 0.45207816362380981445 0.43189343810081481934 0.41734007000923156738 0.41018888354301452637 0.41656339168548583984 0.41335237026214599609 0.37076690793037414551 0.30716010928153991699 0.26016607880592346191 0.29628401994705200195 0.34337887167930603027 0.43803822994232177734 0.43043267726898193359 0.41394710540771484375 0.41219270229339599609
0.19718860089778900146 0.22683425247669219971 0.1835972517728805542 0.17460675537586212158 0.17146705090999603271 0.17131175100803375244 0.18708173930644989014 0.19827230274677276611 0.19931323826313018799 0.19711929559707641602 0.23518611490726470947 0.38650402426719665527 0.44350722432136535645 0.45120245218276977539 0.45176228880882263184 0.45257008075714111328 0.46061903238296508789 0.4636217951774597168 0.46470487117767333984 0.4717973172664642334 0.47291213274002075195 0.47216439247131347656 0.4697354733943939209 0.45480895042419433594 0.44283750653266906738 0.42936432361602783203 0.4163615107536315918 0.41077542304992675781 0.4303448796272277832 0.45176395773887634277 0.45018839836120605469 0.38434377312660217285 0.2490145266056060791 0.22877368330955505371 0.34809276461601257324 0.41680219769477844238 0.41245180368423461914 0.40139880776405334473 0.39648428559303283691
0.17804673314094543457 0.20184418559074401855 0.19581629335880279541 0.18378867208957672119 0.1781845390796661377 0.17670412361621856689 0.18883600831031799316 0.19175742566585540771 0.19267807900905609131 0.18914069235324859619 0.25038853287696838379 0.40123033523559570313 0.44340255856513977051 0.45105311274528503418 0.44730260968208312988 0.44583421945571899414 0.45548367500305175781 0.45941591262817382813 0.45638388395309448242 0.46466466784477233887 0.47231715917587280273 0.47421699762344360352 0.47421735525131225586 0.46346715092658996582 0.45053613185882568359 0.43482887744903564453 0.42453569173812866211 0.40893417596817016602 0.41382962465286254883 0.43176683783531188965 0.44377741217613220215 0.43943378329277038574 0.32839232683181762695 0.24112039804458618164 0.31327417492866516113 0.44480383396148681641 0.41268557310104370117 0.37943628430366516113 0.34825304150581359863
0.17246553301811218262 0.18096362054347991943 0.19394092261791229248 0.18594220280647277832 0.16957569122314453125 0.1744381636381149292 0.18816737830638885498 0.18640458583831787109 0.18587857484817504883 0.18131457269191741943 0.21607618033885955811 0.42825013399124145508 0.44361114501953125 0.45560568571090698242 0.44468420743942260742 0.44529426097869873047 0.44752687215805053711 0.45516049861907958984 0.45333617925643920898 0.45833772420883178711 0.46311247348785400391 0.46896386146545410156 0.47270497679710388184 0.4715588688850402832 0.46266165375709533691 0.44052079319953918457 0.42858204245567321777 0.41744947433471679688 0.42337393760681152344 0.43098592758178710938 0.43959838151931762695 0.44183745980262756348 0.37769502401351928711 0.34811010956764221191 0.30725404620170593262 0.38641053438186645508 0.41779929399490356445 0.41047140955924987793 0.45094192028045654297
0.2114133685827255249 0.179815635085105896 0.18459746241569519043 0.19144921004772186279 0.17976255714893341064 0.17475441098213195801 0.18849574029445648193 0.18716660141944885254 0.1846663057804107666 0.19007687270641326904 0.20343467593193054199 0.43206304311752319336 0.44873139262199401855 0.45878124237060546875 0.44828325510025024414 0.44596827030181884766 0.44579350948333740234 0.45114254951477050781 0.4461053013801574707 0.44857940077781677246 0.44594836235046386719 0.44716429710388183594 0.45945757627487182617 0.46463006734848022461 0.46943825483322143555 0.4575290381908416748 0.44189247488975524902 0.43235996365547180176 0.43631082773208618164 0.44492739439010620117 0.44940206408500671387 0.42588832974433898926 0.35587736964225769043 0.36830374598503112793 0.3283201754093170166 0.41960376501083374023 0.41448217630386352539 0.39307197928428649902 0.38902038335800170898
0.20547540485858917236 0.18004624545574188232 0.1812312006950378418 0.18795846402645111084 0.18851885199546813965 0.1811249852180480957 0.18556895852088928223 0.18246316909790039063 0.17821060121059417725 0.16937594115734100342 0.24646185338497161865 0.42551004886627197266 0.44820562005043029785 0.45108103752136230469 0.44489207863807678223 0.43666410446166992188 0.43937247991561889648 0.4364000856876373291 0.43231248855590820313 0.44903266429901123047 0.44495511054992675781 0.44876426458358764648 0.45646053552627563477 0.45119053125381469727 0.45419737696647644043 0.45790511369705200195 0.45532846450805664063 0.44350698590278625488 0.44875404238700866699 0.46861174702644348145 0.45282495021820068359 0.40271118283271789551 0.36587303876876831055 0.37058269977569580078 0.36260908842086791992 0.40903824567794799805 0.43890130519866943359 0.41925477981567382813 0.4336840510368347168
