samples/map_ndvi.asc
ncols        95
nrows        77
xllcorner    639958.572799999965
yllcorner    6699796.106700000353
cellsize     30.000000000000
NODATA_value  -1
[rows 17 to 33 of 77, columns 39 to 77 of 95]
0.44777241349220275879 0.41386562585830688477 0.44145852327346801758 0.36759689450263977051 0.34363129734992980957 0.39566022157669067383 0.40875008702278137207 0.40795481204986572266 0.40772533416748046875 0.41124510765075683594 0.41695967316627502441 0.38189896941184997559 0.38997569680213928223 0.40382868051528930664 0.40808144211769104004 0.40259942412376403809 0.39955171942710876465 0.42301774024963378906 0.42742204666137695313 0.41746103763580322266 0.41370299458503723145 0.41155058145523071289 0.42047962546348571777 0.42876136302947998047 0.42924338579177856445 0.43319925665855407715 0.39496144652366638184 0.33713874220848083496 0.26241320371627807617 0.21153149008750915527 0.32697966694831848145 0.35596323013305664063 0.37843602895736694336 0.40863052010536193848 0.40184071660041809082 0.39753919839859008789 0.400836944580078125 0.40169405937194824219 0.39815321564674377441
0.42056423425674438477 0.43167313933372497559 0.3853600621223449707 0.42253318428993225098 0.42109590768814086914 0.42385539412498474121 0.39640775322914123535 0.39167428016662597656 0.39958330988883972168 0.39727756381034851074 0.41426172852516174316 0.4226004481315612793 0.39839687943458557129 0.40348425507545471191 0.40180939435958862305 0.39014700055122375488 0.4107081294059753418 0.3921076655387878418 0.42682066559791564941 0.42732676863670349121 0.42142245173454284668 0.42059910297393798828 0.42707100510597229004 0.42633241415023803711 0.4396114349365234375 0.44481748342514038086 0.41896724700927734375 0.35332012176513671875 0.26049178838729858398 0.22445908188819885254 0.24267742037773132324 0.32555076479911804199 0.35463365912437438965 0.3927892148494720459 0.3740965723991394043 0.39273926615715026855 0.39763206243515014648 0.40103229880332946777 0.40309774875640869141
0.32502859830856323242 0.44746831059455871582 0.45058637857437133789 0.43994215130805969238 0.43068924546241760254 0.42879372835159301758 0.41332316398620605469 0.38909700512886047363 0.39780116081237792969 0.40074378252029418945 0.40298041701316833496 0.41887593269348144531 0.40346091985702514648 0.4015858769416809082 0.40401923656463623047 0.39871019124984741211 0.41085389256477355957 0.39855328202247619629 0.41294974088668823242 0.4230683445930480957 0.42885485291481018066 0.42458742856979370117 0.42935124039649963379 0.42858198285102844238 0.44498917460441589355 0.44233658909797668457 0.37963873147964477539 0.28729429841041564941 0.24101462960243225098 0.28538075089454650879 0.22477644681930541992 0.16534924507141113281 0.28187760710716247559 0.31294524669647216797 0.30987256765365600586 0.30169710516929626465 0.34738016128540039063 0.39601185917854309082 0.38647130131721496582
0.41274714469909667969 0.43808305263519287109 0.43661662936210632324 0.42637166380882263184 0.420032501220703125 0.42417764663696289063 0.41841715574264526367 0.41443502902984619141 0.42006957530975341797 0.41945990920066833496 0.41726893186569213867 0.42379754781723022461 0.40913462638854980469 0.40122833847999572754 0.40101090073585510254 0.39576968550682067871 0.40256232023239135742 0.40874525904655456543 0.39495271444320678711 0.41055595874786376953 0.4267374873161315918 0.42639613151550292969 0.42970705032348632813 0.43668535351753234863 0.44523131847381591797 0.4215679168701171875 0.32482442259788513184 0.25744307041168212891 0.27512145042419433594 0.29476034641265869141 0.2920004725456237793 0.26623237133026123047 0.26339381933212280273 0.24932225048542022705 0.23104727268218994141 0.19249449670314788818 0.21062260866165161133 0.33675110340118408203 0.3627147972583770752
0.43127790093421936035 0.4363129734992980957 0.43229630589485168457 0.42653319239616394043 0.42167225480079650879 0.41976195573806762695 0.42184153199195861816 0.4258244931697845459 0.42736059427261352539 0.42660772800445556641 0.42478337883949279785 0.43203061819076538086 0.42685416340827941895 0.40686103701591491699 0.40173196792602539063 0.40148204565048217773 0.40735039114952087402 0.40502095222473144531 0.40241315960884094238 0.41066452860832214355 0.41824865341186523438 0.42344683408737182617 0.43154498934745788574 0.43624699115753173828 0.44719213247299194336 0.41508916020393371582 0.32272458076477050781 0.2553570866584777832 0.28165680170059204102 0.29728224873542785645 0.2815329134464263916 0.2794704139232635498 0.28946650028228759766 0.29529333114624023438 0.2808125913143157959 0.26895812153816223145 0.22466748952865600586 0.26258552074432373047 0.31076186895370483398
0.42406708002090454102 0.43976470828056335449 0.43630781769752502441 0.42809301614761352539 0.4270032048225402832 0.42669600248336791992 0.42795842885971069336 0.42758035659790039063 0.42796906828880310059 0.42887836694717407227 0.41757246851921081543 0.42007350921630859375 0.42494526505470275879 0.4117781221866607666 0.40125063061714172363 0.3958784937858581543 0.40531316399574279785 0.40008556842803955078 0.39644417166709899902 0.41410475969314575195 0.41658830642700195313 0.41857165098190307617 0.4317448735237121582 0.44393748044967651367 0.44682967662811279297 0.40949407219886779785 0.30251845717430114746 0.27762570977210998535 0.29250797629356384277 0.2908007204532623291 0.26685187220573425293 0.26586312055587768555 0.27064609527587890625 0.28098091483116149902 0.26631790399551391602 0.27243641018867492676 0.26069229841232299805 0.25807526707649230957 0.29347407817840576172
0.42792558670043945313 0.42890122532844543457 0.44123494625091552734 0.43892589211463928223 0.43604588508605957031 0.43605118989944458008 0.43801894783973693848 0.43963488936424255371 0.43361923098564147949 0.42869871854782104492 0.41976004838943481445 0.41677671670913696289 0.41811233758926391602 0.41632422804832458496 0.41219949722290039063 0.39252889156341552734 0.39203485846519470215 0.39873218536376953125 0.39636391401290893555 0.40571516752243041992 0.41156345605850219727 0.41361692547798156738 0.42887660861015319824 0.44026517868041992188 0.44641530513763427734 0.4390888214111328125 0.29892066121101379395 0.26388502120971679688 0.29040107131004333496 0.29759761691093444824 0.29981505870819091797 0.28012889623641967773 0.26639753580093383789 0.27446824312210083008 0.28064629435539245605 0.2701740264892578125 0.27257099747657775879 0.2701390683650970459 0.2813212275505065918
0.44459363818168640137 0.43070861697196960449 0.43700972199440002441 0.43463206291198730469 0.43034100532531738281 0.43296509981155395508 0.44104772806167602539 0.44235134124755859375 0.44112238287925720215 0.43488782644271850586 0.43022435903549194336 0.42679706215858459473 0.42613869905471801758 0.41736504435539245605 0.4184557497501373291 0.40010905265808105469 0.38856595754623413086 0.38738092780113220215 0.38774859905242919922 0.39552530646324157715 0.39534521102905273438 0.40437009930610656738 0.42143017053604125977 0.43195524811744689941 0.44336292147636413574 0.42632973194122314453 0.32436949014663696289 0.28890463709831237793 0.29524555802345275879 0.31847158074378967285 0.32116541266441345215 0.29851832985877990723 0.28798785805702209473 0.30112856626510620117 0.30396774411201477051 0.29116472601890563965 0.2802689671516418457 0.28083038330078125 0.30430245399475097656
0.44733878970146179199 0.44384115934371948242 0.44362345337867736816 0.44203132390975952148 0.43926310539245605469 0.43712836503982543945 0.44098213315010070801 0.44536310434341430664 0.44806697964668273926 0.44576928019523620605 0.436382293701171875 0.43932628631591796875 0.4343751072883605957 0.42537617683410644531 0.4212996065616607666 0.41394749283790588379 0.39392989873886108398 0.38208189606666564941 0.38473251461982727051 0.39873516559600830078 0.40133842825889587402 0.40134736895561218262 0.40944311022758483887 0.42079761624336242676 0.43290421366691589355 0.42962157726287841797 0.35865008831024169922 0.29638984799385070801 0.29874032735824584961 0.31703063845634460449 0.31918430328369140625 0.31127786636352539063 0.3177350163459777832 0.33566948771476745605 0.32520446181297302246 0.31798410415649414063 0.31380277872085571289 0.29850745201110839844 0.31319814920425415039
0.45018914341926574707 0.43430906534194946289 0.4395643770694732666 0.44240483641624450684 0.43968594074249267578 0.43672296404838562012 0.44012051820755004883 0.43380528688430786133 0.44232785701751708984 0.44739380478858947754 0.44419232010841369629 0.4390589296817779541 0.44717007875442504883 0.43321049213409423828 0.42517462372779846191 0.42294788360595703125 0.4090805351734161377 0.40092772245407104492 0.39849683642387390137 0.3926486968994140625 0.4020786583423614502 0.39971274137496948242 0.40094101428985595703 0.40379735827445983887 0.42035579681396484375 0.44314694404602050781 0.41806402802467346191 0.34121486544609069824 0.30520340800285339355 0.30699878931045532227 0.31406551599502563477 0.32519993185997009277 0.33090829849243164063 0.34470665454864501953 0.33481678366661071777 0.31602725386619567871 0.32735154032707214355 0.3158887028694152832 0.31117475032806396484
0.4502200782299041748 0.43407130241394042969 0.43091446161270141602 0.44208645820617675781 0.43550604581832885742 0.4258327484130859375 0.43985983729362487793 0.42765039205551147461 0.42692622542381286621 0.44024041295051574707 0.44537031650543212891 0.42357233166694641113 0.42342206835746765137 0.43525284528732299805 0.43568646907806396484 0.42667210102081298828 0.43034899234771728516 0.41955482959747314453 0.41209915280342102051 0.40072873234748840332 0.39509513974189758301 0.39582678675651550293 0.39182996749877929688 0.39984479546546936035 0.40465793013572692871 0.42289143800735473633 0.43547090888023376465 0.40921264886856079102 0.33304476737976074219 0.30866527557373046875 0.29818642139434814453 0.31628817319869995117 0.33546325564384460449 0.34967771172523498535 0.33243858814239501953 0.30867743492126464844 0.31741881370544433594 0.31407913565635681152 0.31540286540985107422
0.45253297686576843262 0.44280901551246643066 0.42637991905212402344 0.43525663018226623535 0.43055859208106994629 0.42461413145065307617 0.43418908119201660156 0.43815723061561584473 0.42955327033996582031 0.42870846390724182129 0.43448528647422790527 0.42823433876037597656 0.40423050522804260254 0.43137109279632568359 0.43039658665657043457 0.42866680026054382324 0.42382645606994628906 0.42306682467460632324 0.42523851990699768066 0.41823923587799072266 0.39665150642395019531 0.39667645096778869629 0.39196911454200744629 0.39936202764511108398 0.40189519524574279785 0.40971300005912780762 0.43392798304557800293 0.43055269122123718262 0.38750934600830078125 0.33545321226119995117 0.3088696599006652832 0.31833326816558837891 0.33820882439613342285 0.34586822986602783203 0.33168503642082214355 0.32355728745460510254 0.32126113772392272949 0.31986990571022033691 0.31946507096290588379
0.45947057008743286133 0.44956824183464050293 0.44131287932395935059 0.43729498982429504395 0.42535856366157531738 0.42679607868194580078 0.43685957789421081543 0.42681229114532470703 0.42371383309364318848 0.4249731600284576416 0.4204050898551940918 0.42275056242942810059 0.42216536402702331543 0.42944169044494628906 0.42677199840545654297 0.42504474520683288574 0.42468416690826416016 0.42506086826324462891 0.425235748291015625 0.42338633537292480469 0.41941061615943908691 0.40811860561370849609 0.40005448460578918457 0.40069928765296936035 0.40369942784309387207 0.40317559242248535156 0.41744524240493774414 0.43427455425262451172 0.37727338075637817383 0.34277987480163574219 0.31997612118721008301 0.31969156861305236816 0.34043258428573608398 0.34232044219970703125 0.34135746955871582031 0.33209440112113952637 0.32981133460998535156 0.3322696983814239502 0.33313208818435668945
0.45396670699119567871 0.45308330655097961426 0.43881645798683166504 0.4438635706901550293 0.433338165283203125 0.42689156532287597656 0.43507528305053710938 0.42287233471870422363 0.41366758942604064941 0.42025128006935119629 0.40572261810302734375 0.41405060887336730957 0.42210206389427185059 0.42508697509765625 0.42685103416442871094 0.42951208353042602539 0.43096387386322021484 0.42807146906852722168 0.42516091465950012207 0.42901670932769775391 0.42286548018455505371 0.41302612423896789551 0.40328961610794067383 0.41401466727256774902 0.41257891058921813965 0.41018033027648925781 0.41184493899345397949 0.42855060100555419922 0.3737316429615020752 0.33601331710815429688 0.32812672853469848633 0.33512479066848754883 0.3403511345386505127 0.3368733823299407959 0.3428528904914855957 0.34169000387191772461 0.34209737181663513184 0.33858564496040344238 0.33930519223213195801
0.45344242453575134277 0.46435871720314025879 0.4463748633861541748 0.43124613165855407715 0.44267323613166809082 0.4360364377498626709 0.43561208248138427734 0.42049837112426757813 0.41872069239616394043 0.41656079888343811035 0.41573706269264221191 0.41387212276458740234 0.42145144939422607422 0.42254051566123962402 0.42376816272735595703 0.42146399617195129395 0.43185257911682128906 0.4271132051944732666 0.42831620573997497559 0.42953819036483764648 0.42927300930023193359 0.42588305473327636719 0.40877845883369445801 0.40721032023429870605 0.40896120667457580566 0.41182300448417663574 0.40672570466995239258 0.41978886723518371582 0.40196111798286437988 0.319858551025390625 0.33132439851760864258 0.32432734966278076172 0.31107890605926513672 0.32968336343765258789 0.34332868456840515137 0.35161927342414855957 0.35506653785705566406 0.34778052568435668945 0.34550613164901733398
0.43817725777626037598 0.47743785381317138672 0.46033492684364318848 0.43369615077972412109 0.43582132458686828613 0.44936129450798034668 0.43904101848602294922 0.4295730888843536377 0.4242547452449798584 0.41731989383697509766 0.41184034943580627441 0.40736168622970581055 0.42172849178314208984 0.41631814837455749512 0.42046314477920532227 0.42193916440010070801 0.41954523324966430664 0.42573222517967224121 0.42475819587707519531 0.42209804058074951172 0.42538124322891235352 0.4241650998592376709 0.41747057437896728516 0.41218471527099609375 0.40632510185241699219 0.40963947772979736328 0.4132957756519317627 0.41979244351387023926 0.40271806716918945313 0.32881656289100646973 0.30771613121032714844 0.30557274818420410156 0.29963085055351257324 0.31207308173179626465 0.34238618612289428711 0.35410681366920471191 0.34469825029373168945 0.34181502461433410645 0.32894039154052734375
0.43452468514442443848 0.47503939270973205566 0.46378496289253234863 0.44581627845764160156 0.42836213111877441406 0.44617462158203125 0.4448153376579284668 0.43064576387405395508 0.42655128240585327148 0.40819841623306274414 0.39820721745491027832 0.40793386101722717285 0.41485017538070678711 0.41191858053207397461 0.40637418627738952637 0.40567728877067565918 0.40774062275886535645 0.4150517880916595459 0.4206180870532989502 0.41609406471252441406 0.41474989056587219238 0.41653332114219665527 0.41344678401947021484 0.41236123442649841309 0.40879043936729431152 0.40135523676872253418 0.40106081962585449219 0.42325031757354736328 0.39418712258338928223 0.33724233508110046387 0.3006770014762878418 0.28433376550674438477 0.28910818696022033691 0.31113260984420776367 0.32728311419486999512 0.33139666914939880371 0.33024430274963378906 0.32272589206695556641 0.33231300115585327148
