data/htwi.asc
ncols        95
nrows        77
xllcorner    639958.572750000167
yllcorner    6699796.106709999964
cellsize     30.000000000000
NODATA_value  -1
[rows 36 to 53 of 77, columns 0 to 39 of 95]
1.3872226476669311523 1.9715903997421264648 2.0474970340728759766 1.8707586526870727539 1.7842215299606323242 1.8202127218246459961 2.20507049560546875 2.2969815731048583984 2.5343735218048095703 3.3177742958068847656 3.7257471084594726563 1.699612736701965332 1.2973290681838989258 2.4582674503326416016 2.2311577796936035156 1.9546909332275390625 1.2714613676071166992 1.9324954748153686523 1.946903228759765625 1.7972975969314575195 1.6607969999313354492 1.6321631669998168945 1.6283582448959350586 1.1552337408065795898 1.4005602598190307617 1.5501918792724609375 1.8448479175567626953 2.2102868556976318359 2.5645215511322021484 2.6999228000640869141 2.7035932540893554688 2.7654480934143066406 2.9699013233184814453 7.4195356369018554688 3.6654224395751953125 2.0375854969024658203 1.5939925909042358398 1.1741118431091308594 1.5837316513061523438 1.909564971923828125
1.9999880790710449219 1.7019633054733276367 2.2050421237945556641 1.6375572681427001953 2.0842621326446533203 2.2110092639923095703 1.6616045236587524414 1.3191627264022827148 2.1297309398651123047 3.1164438724517822266 4.6022963523864746094 1.4183510541915893555 1.8958950042724609375 2.6488065719604492188 2.4250776767730712891 2.141628265380859375 2.0988156795501708984 1.223715662956237793 1.272236943244934082 2.3545591831207275391 1.8618618249893188477 1.8075014352798461914 1.7803474664688110352 1.0565052032470703125 1.4385526180267333984 1.0736000537872314453 1.6389309167861938477 1.9163013696670532227 2.1440551280975341797 2.2885699272155761719 2.4655764102935791016 3.3938374519348144531 3.5923113822937011719 4.099971771240234375 8.082042694091796875 2.6001956462860107422 1.6942346096038818359 1.1194149255752563477 1.7977315187454223633 2.0690290927886962891
1.5156373977661132813 1.9722331762313842773 2.2589833736419677734 1.4944318532943725586 2.0448224544525146484 2.8589656352996826172 1.4641411304473876953 1.6560044288635253906 1.5636292695999145508 3.2363827228546142578 4.77754974365234375 1.606182098388671875 2.3615021705627441406 1.3798404932022094727 3.2398540973663330078 2.4466333389282226563 2.4835064411163330078 1.2471873760223388672 1.3226159811019897461 1.7554666996002197266 2.9278228282928466797 2.2522687911987304688 2.1411142349243164063 1.1331083774566650391 1.5439383983612060547 2.0454027652740478516 1.5457582473754882813 1.8279814720153808594 2.1040143966674804688 2.3600211143493652344 2.8732211589813232422 2.1492052078247070313 1.8135123252868652344 1.5112503767013549805 3.3263440132141113281 9.074123382568359375 1.689210057258605957 1.7461081743240356445 2.0751225948333740234 2.2553088665008544922
1.5416910648345947266 2.1592350006103515625 2.3655438423156738281 2.0019094944000244141 1.7722014188766479492 2.6939444541931152344 3.2172808647155761719 1.6794023513793945313 2.2865145206451416016 3.4171590805053710938 4.4170064926147460938 1.3058463335037231445 1.2872829437255859375 2.2673254013061523438 3.4133501052856445313 2.8102428913116455078 2.9281451702117919922 1.3219341039657592773 1.2845174074172973633 1.7491753101348876953 3.3255956172943115234 2.6796977519989013672 2.5409576892852783203 1.2677206993103027344 1.7298940420150756836 2.8702747821807861328 1.9374114274978637695 1.716443181037902832 1.2570264339447021484 1.8801903724670410156 1.9110070466995239258 1.7207316160202026367 1.2820050716400146484 1.2230681180953979492 3.050201416015625 2.6196682453155517578 7.796142578125 7.2310929298400878906 2.8591732978820800781 2.5508775711059570313
2.3515322208404541016 2.7623095512390136719 3.5563509464263916016 3.0513169765472412109 2.2061340808868408203 2.1660475730895996094 2.0048863887786865234 3.1046504974365234375 3.0912165641784667969 3.6171998977661132813 4.6021528244018554688 1.6275229454040527344 1.605585932731628418 2.3982808589935302734 3.5543651580810546875 3.0505297183990478516 3.1482043266296386719 1.152436375617980957 1.4723720550537109375 1.8010212182998657227 3.179332733154296875 2.7611289024353027344 2.8063151836395263672 1.9217426776885986328 2.2869460582733154297 3.3803486824035644531 1.8639343976974487305 2.2045905590057373047 2.1199145317077636719 1.7989686727523803711 1.2781050205230712891 1.4071024656295776367 2.0120749473571777344 3.2343962192535400391 2.0786814689636230469 2.1274583339691162109 2.477161407470703125 2.6317851543426513672 7.2612967491149902344 3.7431011199951171875
6.5700383186340332031 5.7026257514953613281 5.210163116455078125 4.41683197021484375 2.6327402591705322266 2.3512434959411621094 1.9656355381011962891 1.9583672285079956055 2.1000919342041015625 2.3944976329803466797 3.9253892898559570313 4.6697764396667480469 2.0344114303588867188 2.6101307868957519531 3.8247454166412353516 1.3296965360641479492 3.015232086181640625 1.4909939765930175781 1.6949005126953125 1.9802422523498535156 3.4771916866302490234 1.4820777177810668945 3.3302800655364990234 2.5473794937133789063 2.7542655467987060547 3.7573094367980957031 1.8887412548065185547 2.3103528022766113281 2.1130552291870117188 1.4829932451248168945 1.7762560844421386719 2.1756227016448974609 3.0930523872375488281 2.0110754966735839844 1.783031463623046875 1.7274338006973266602 2.0613842010498046875 2.8417716026306152344 3.1938085556030273438 7.8190140724182128906
2.0060999393463134766 2.2043178081512451172 2.8859353065490722656 3.3043611049652099609 2.4614384174346923828 2.3533296585083007813 2.2974398136138916016 2.9745061397552490234 3.0988590717315673828 3.4439270496368408203 3.7883806228637695313 5.9049139022827148438 6.0967926979064941406 2.8481190204620361328 3.6521532535552978516 1.6061048507690429688 1.1786516904830932617 3.0078723430633544922 2.5467803478240966797 3.9081990718841552734 1.7767684459686279297 3.1444573402404785156 2.0037245750427246094 1.6836885213851928711 4.0066852569580078125 2.2005026340484619141 2.2382092475891113281 1.8273298740386962891 1.8501062393188476563 1.5606111288070678711 1.8888959884643554688 2.2770588397979736328 1.7079459428787231445 1.67278289794921875 1.3490774631500244141 1.2711532115936279297 2.2865664958953857422 1.6432659626007080078 2.4355282783508300781 4.4388308525085449219
2.2177321910858154297 1.7040635347366333008 2.6915354728698730469 1.659876704216003418 3.0182347297668457031 2.0842604637145996094 3.0201981067657470703 1.5926768779754638672 1.9522111415863037109 1.8763045072555541992 1.650353550910949707 1.8225561380386352539 1.3644320964813232422 5.461841583251953125 5.6710066795349121094 2.1091339588165283203 1.3919798135757446289 3.4777719974517822266 4.6350851058959960938 2.4242560863494873047 3.2532064914703369141 1.9254621267318725586 1.5031102895736694336 1.3687200546264648438 3.7796890735626220703 2.5483946800231933594 1.3449796438217163086 1.9090945720672607422 2.0370671749114990234 1.6521947383880615234 2.1174995899200439453 2.4500634670257568359 2.8626394271850585938 2.9303050041198730469 1.3184289932250976563 1.9613251686096191406 1.6151474714279174805 1.6688456535339355469 1.6457923650741577148 4.2939043045043945313
2.5381324291229248047 1.6696324348449707031 2.5115263462066650391 1.5588107109069824219 2.061969757080078125 3.2629656791687011719 1.6877361536026000977 2.0219020843505859375 1.7563238143920898438 1.3584589958190917969 0.89922463893890380859 0.96841317415237426758 1.0218510627746582031 1.623416900634765625 6.6413373947143554688 7.4985060691833496094 6.8872923851013183594 2.2516455650329589844 5.4049067497253417969 3.5611441135406494141 1.4846223592758178711 1.3503820896148681641 1.6454111337661743164 1.1586838960647583008 3.6394219398498535156 2.5077254772186279297 1.615753173828125 2.0046868324279785156 2.2533166408538818359 1.7634214162826538086 1.743279576301574707 1.7183120250701904297 2.2679529190063476563 2.2716238498687744141 2.5500929355621337891 3.2359404563903808594 3.1204135417938232422 1.4885189533233642578 1.2710752487182617188 4.6459822654724121094
1.9788669347763061523 2.2250888347625732422 2.1489183902740478516 1.6203644275665283203 1.9778752326965332031 2.5214226245880126953 2.3879313468933105469 1.9947729110717773438 1.1878448724746704102 1.4297052621841430664 1.632961273193359375 1.9468760490417480469 2.9197919368743896484 3.0617923736572265625 3.8770658969879150391 2.1634171009063720703 2.1748528480529785156 6.5889534950256347656 7.7400345802307128906 3.9380352497100830078 1.6653835773468017578 1.8567788600921630859 1.9652429819107055664 1.6862320899963378906 3.7660222053527832031 2.7487416267395019531 2.5145480632781982422 2.1818830966949462891 1.7910121679306030273 1.5011736154556274414 1.4754769802093505859 2.0379667282104492188 1.6308132410049438477 1.3592417240142822266 2.4767146110534667969 4.1093616485595703125 2.4657304286956787109 1.6550830602645874023 1.8426561355590820313 4.905155181884765625
1.5576206445693969727 1.762566685676574707 1.6619108915328979492 2.0261120796203613281 1.7576955556869506836 1.9207875728607177734 2.2291407585144042969 1.5897219181060791016 1.3627421855926513672 1.3467062711715698242 1.7090964317321777344 2.5208547115325927734 0.91376763582229614258 1.5510354042053222656 1.7547217607498168945 2.2415304183959960938 3.0123395919799804688 3.9089834690093994141 8.3946561813354492188 2.2331068515777587891 1.9745153188705444336 1.4914987087249755859 2.8098473548889160156 2.2555549144744873047 4.0687985420227050781 3.2425086498260498047 3.4398694038391113281 2.1215260028839111328 1.6912330389022827148 1.2215882539749145508 1.6923173666000366211 2.0555298328399658203 1.3344755172729492188 1.809952855110168457 1.5029822587966918945 2.7341065406799316406 5.245220184326171875 4.1782364845275878906 3.9986798763275146484 3.4190728664398193359
1.3281357288360595703 1.331905364990234375 1.4976513385772705078 1.6359268426895141602 1.5411940813064575195 1.8407447338104248047 2.5506148338317871094 1.5707334280014038086 1.9383611679077148438 1.0208581686019897461 1.223814845085144043 1.3089478015899658203 1.3409061431884765625 1.2420648336410522461 1.291146397590637207 1.5284621715545654297 2.6468470096588134766 2.376018524169921875 3.5394213199615478516 10.114702224731445313 2.1427752971649169922 2.4641325473785400391 2.9428250789642333984 3.6050977706909179688 4.41045379638671875 4.3510956764221191406 1.8718347549438476563 2.6406812667846679688 2.0631575584411621094 1.6346329450607299805 1.914595484733581543 2.1626126766204833984 1.6708260774612426758 2.0302121639251708984 1.5121960639953613281 2.0447132587432861328 2.4116981029510498047 1.86505889892578125 2.5167455673217773438 2.4810342788696289063
1.639332890510559082 1.2312065362930297852 1.1991224288940429688 1.7810918092727661133 2.2047345638275146484 2.75228118896484375 1.5340474843978881836 1.4387562274932861328 2.2291536331176757813 1.5554873943328857422 1.0462477207183837891 1.026287078857421875 1.1095180511474609375 0.96524924039840698242 0.91827684640884399414 1.7357385158538818359 1.5092581510543823242 1.6399550437927246094 2.3156731128692626953 3.4143536090850830078 7.3674044609069824219 6.8893866539001464844 6.8984875679016113281 7.4934506416320800781 8.242343902587890625 2.5341622829437255859 1.8533693552017211914 1.6911828517913818359 3.1467831134796142578 2.1953566074371337891 2.3422334194183349609 2.5085730552673339844 2.1467025279998779297 2.4373114109039306641 2.3074505329132080078 1.5304318666458129883 2.1195645332336425781 1.8030930757522583008 2.5260462760925292969 2.2510592937469482422
1.4390265941619873047 1.856112360954284668 2.2461452484130859375 1.738164067268371582 2.2313861846923828125 3.3153033256530761719 1.7999379634857177734 1.7494126558303833008 1.4088739156723022461 1.5757278203964233398 1.2823085784912109375 1.0614377260208129883 1.148264765739440918 1.1107623577117919922 1.6195374727249145508 1.2823327779769897461 1.1066079139709472656 1.4860190153121948242 1.2424603700637817383 2.4731421470642089844 3.4121079444885253906 5.5832729339599609375 5.4849362373352050781 2.4086115360260009766 3.1443238258361816406 9.1136026382446289063 2.7084255218505859375 2.6561834812164306641 8.3268556594848632813 8.2466535568237304688 8.0062274932861328125 8.0858411788940429688 8.3331203460693359375 8.2969493865966796875 7.9122133255004882813 2.0518474578857421875 2.1808750629425048828 2.2699863910675048828 2.1749413013458251953 1.6661385297775268555
1.795846104621887207 1.0782096385955810547 1.0984046459197998047 2.5152904987335205078 2.1116497516632080078 3.5313751697540283203 1.9478571414947509766 1.1164946556091308594 1.6132862567901611328 1.6983460187911987305 1.1518324613571166992 1.4286227226257324219 1.5082900524139404297 1.559050440788269043 1.2854099273681640625 1.9097343683242797852 1.5765961408615112305 1.1359802484512329102 1.6940209865570068359 2.3155286312103271484 5.4112091064453125 2.2348382472991943359 1.7809678316116333008 1.2731271982192993164 2.3825867176055908203 4.8594450950622558594 7.94052886962890625 7.9011516571044921875 3.1814856529235839844 3.1151051521301269531 4.1963624954223632813 3.9522452354431152344 2.7845942974090576172 2.2329475879669189453 2.4905326366424560547 7.5656924247741699219 2.5707383155822753906 2.4202213287353515625 2.1571416854858398438 1.850733637809753418
1.6215054988861083984 1.8045469522476196289 1.5450463294982910156 1.6412147283554077148 2.7726602554321289063 3.8269484043121337891 2.4373221397399902344 1.1468651294708251953 1.8939229249954223633 1.934619903564453125 1.1554043292999267578 1.4616967439651489258 1.7790753841400146484 1.8271061182022094727 2.2448589801788330078 2.0036249160766601563 1.5896711349487304688 1.3485822677612304688 1.9007601737976074219 5.2758026123046875 2.1319446563720703125 1.7107137441635131836 1.201447606086730957 1.9319747686386108398 1.9591553211212158203 4.0548067092895507813 2.3543579578399658203 1.9359238147735595703 2.2260174751281738281 2.3149158954620361328 3.518009185791015625 3.2945704460144042969 2.0538876056671142578 1.2669025659561157227 1.6329164505004882813 2.0926945209503173828 7.7558736801147460938 3.0444974899291992188 2.5385599136352539063 2.1741573810577392578
1.5216040611267089844 1.8805191516876220703 2.1499733924865722656 2.7214424610137939453 3.2939407825469970703 4.1651568412780761719 4.3674249649047851563 1.8606469631195068359 2.2513444423675537109 2.2322297096252441406 1.2890708446502685547 1.6032289266586303711 2.2275149822235107422 2.7966732978820800781 3.8557994365692138672 5.7000002861022949219 5.6397719383239746094 5.1624517440795898438 5.4094409942626953125 4.0342473983764648438 1.8482496738433837891 1.3790317773818969727 1.8576046228408813477 1.7599405050277709961 3.8530452251434326172 2.0429069995880126953 1.9224959611892700195 1.4264209270477294922 1.7602061033248901367 1.8325510025024414063 3.1967563629150390625 3.0456082820892333984 1.6909301280975341797 1.2157437801361083984 1.757805943489074707 2.4405338764190673828 3.2363443374633789063 7.8626093864440917969 8.4291505813598632813 2.8240740299224853516
1.8622555732727050781 1.2993378639221191406 2.3803589344024658203 2.6662492752075195313 3.0468184947967529297 3.3026480674743652344 5.4708070755004882813 2.4832696914672851563 2.6060459613800048828 2.5170798301696777344 1.4123171567916870117 1.765688776969909668 1.934960484504699707 2.3354389667510986328 5.1894602775573730469 2.3935501575469970703 1.7466518878936767578 2.5040585994720458984 4.3151392936706542969 2.2161383628845214844 1.7342970371246337891 1.6914006471633911133 1.5705568790435791016 3.8830649852752685547 2.9023890495300292969 1.8217020034790039063 1.7781397104263305664 1.0823605060577392578 1.5608047246932983398 1.6041834354400634766 3.2388234138488769531 3.1056172847747802734 1.3173646926879882813 1.7199872732162475586 1.7646055221557617188 1.9438272714614868164 2.0817875862121582031 2.2929735183715820313 3.2735722064971923828 8.0851716995239257813
