data/htwi.asc
ncols        95
nrows        77
xllcorner    639958.572750000167
yllcorner    6699796.106709999964
cellsize     30.000000000000
NODATA_value  -1
[rows 0 to 17 of 77, columns 0 to 39 of 95]
2.6632428169250488281 7.4416723251342773438 2.6765816211700439453 3.2311420440673828125 5.4624357223510742188 4.5591483116149902344 1.4140182733535766602 1.4146753549575805664 1.3924301862716674805 3.6607160568237304688 3.5636851787567138672 3.0202753543853759766 2.9344854354858398438 3.0291440486907958984 3.0767791271209716797 2.0939652919769287109 1.8452587127685546875 1.8494681119918823242 1.3155076503753662109 1.4048960208892822266 1.9097409248352050781 1.1365551948547363281 1.1441397666931152344 1.0887846946716308594 2.4877665042877197266 2.6490757465362548828 3.0699672698974609375 3.7615594863891601563 4.4073157310485839844 7.6935000419616699219 2.8161334991455078125 2.0238411426544189453 2.004825592041015625 1.815970301628112793 2.5874860286712646484 2.2599551677703857422 1.8535311222076416016 1.4824749231338500977 1.4379622936248779297 1.7099765539169311523
2.8215878009796142578 7.0669660568237304688 1.7612143754959106445 1.8417872190475463867 2.7741749286651611328 5.3164906501770019531 4.3038039207458496094 4.2007546424865722656 2.3761084079742431641 1.8928952217102050781 1.6259858608245849609 3.1131601333618164063 2.5971822738647460938 2.5859036445617675781 2.5836119651794433594 2.4816734790802001953 2.3035178184509277344 2.0117537975311279297 1.7825220823287963867 1.9548261165618896484 2.2274134159088134766 2.9775159358978271484 1.5871210098266601563 2.0034625530242919922 2.4008591175079345703 2.6406896114349365234 2.9466614723205566406 3.4773433208465576172 7.4917497634887695313 4.2856087684631347656 2.26679229736328125 2.1597881317138671875 1.487873077392578125 1.8586577177047729492 1.711064457893371582 1.8101428747177124023 1.7648912668228149414 1.3961212635040283203 1.4437777996063232422 1.7917252779006958008
7.3015551567077636719 2.9656765460968017578 1.3457235097885131836 1.392681121826171875 2.3969438076019287109 4.9078812599182128906 2.3784770965576171875 1.9225153923034667969 3.8278019428253173828 3.3933768272399902344 2.9012427330017089844 1.3734830617904663086 2.4013657569885253906 2.1956458091735839844 1.9377908706665039063 1.6415370702743530273 2.7606737613677978516 1.8222515583038330078 2.0302646160125732422 2.0051076412200927734 2.2832214832305908203 2.5233092308044433594 2.8779032230377197266 2.8934798240661621094 3.1146204471588134766 3.3959996700286865234 3.8030428886413574219 7.0050630569458007813 3.7149076461791992188 1.4492775201797485352 3.6742184162139892578 1.6138677597045898438 1.8130513429641723633 1.1626778841018676758 1.7260241508483886719 1.3811196088790893555 1.8037689924240112305 1.2634835243225097656 1.4509043693542480469 1.9916319847106933594
7.64188385009765625 2.5340495109558105469 2.4838800430297851563 1.5934058427810668945 1.8963785171508789063 2.6875858306884765625 4.9424638748168945313 2.3180928230285644531 1.2653383016586303711 1.8610672950744628906 2.9042172431945800781 3.1810557842254638672 2.5232684612274169922 2.2254886627197265625 1.8564494848251342773 1.6905713081359863281 2.7290105819702148438 2.1219828128814697266 1.9944807291030883789 2.0491085052490234375 2.2585070133209228516 2.3993060588836669922 2.4841487407684326172 2.6190311908721923828 2.9169781208038330078 3.3677163124084472656 6.9362101554870605469 3.3378949165344238281 1.8413928747177124023 3.0888047218322753906 3.0896322727203369141 2.7675855159759521484 1.1837784051895141602 1.7259161472320556641 1.3661392927169799805 1.7755672931671142578 2.3433318138122558594 1.2550382614135742188 1.5266410112380981445 5.1765713691711425781
7.819988250732421875 2.3287522792816162109 2.2650852203369140625 2.1577980518341064453 1.5668239593505859375 2.0484673976898193359 2.4704024791717529297 5.2287688255310058594 1.7594799995422363281 1.1430624723434448242 1.8325072526931762695 3.2262277603149414063 2.6149890422821044922 2.2143604755401611328 1.833249211311340332 1.8448987007141113281 2.2782492637634277344 2.1213572025299072266 2.0552735328674316406 2.0688943862915039063 2.1417334079742431641 2.2467863559722900391 2.9761719703674316406 3.2139284610748291016 3.6176607608795166016 5.7506284713745117188 6.2625708580017089844 3.0482287406921386719 1.330351710319519043 1.7699488401412963867 2.6972289085388183594 2.8789799213409423828 2.7121737003326416016 2.3296606540679931641 1.9968631267547607422 2.1565077304840087891 1.7201879024505615234 1.7938290834426879883 2.1457734107971191406 5.2364873886108398438
9.1354379653930664063 2.0703217983245849609 1.9265576601028442383 1.7622627019882202148 1.7958673238754272461 1.9636373519897460938 2.4516201019287109375 5.34395599365234375 2.1135735511779785156 1.6390985250473022461 1.4218225479125976563 1.7064931392669677734 3.0690670013427734375 2.7086632251739501953 2.2020332813262939453 2.2154912948608398438 2.0760457515716552734 2.1674318313598632813 1.3510172367095947266 1.6033771038055419922 1.6903445720672607422 1.8482172489166259766 2.2292931079864501953 2.7244288921356201172 5.3501062393188476563 3.7137725353240966797 5.9179859161376953125 3.7398042678833007813 2.8481986522674560547 1.2216490507125854492 2.0561542510986328125 1.5272467136383056641 2.6377398967742919922 1.6096807718276977539 1.2295961380004882813 1.9978040456771850586 2.3137459754943847656 2.9602022171020507813 5.3830180168151855469 3.20159149169921875
8.8289661407470703125 4.6610827445983886719 4.4091386795043945313 4.1727576255798339844 4.1868987083435058594 4.3475947380065917969 1.97272491455078125 4.347507476806640625 4.1692690849304199219 3.7882282733917236328 2.8357789516448974609 2.9572505950927734375 2.4952454566955566406 2.1325542926788330078 2.0364632606506347656 2.4204776287078857422 1.9710810184478759766 2.0335791110992431641 2.3921186923980712891 1.0637787580490112305 0.96564352512359619141 1.4388554096221923828 3.8633952140808105469 4.7154688835144042969 2.9041948318481445313 2.1690862178802490234 5.8620510101318359375 2.5498692989349365234 3.3561129570007324219 2.4013657569885253906 1.7859020233154296875 1.0117682218551635742 1.7084701061248779297 1.8138605356216430664 0.87181860208511352539 0.92652499675750732422 1.4083579778671264648 1.9180657863616943359 4.6591820716857910156 2.5606739521026611328
8.8895320892333984375 3.5546975135803222656 3.1526014804840087891 2.6866543292999267578 1.9709534645080566406 1.5782679319381713867 3.7921266555786132813 3.5912654399871826172 2.8433783054351806641 2.6432278156280517578 3.9682486057281494141 2.4643793106079101563 1.8814358711242675781 1.3735468387603759766 2.1818890571594238281 2.1666884422302246094 1.8251510858535766602 1.8023835420608520508 1.8092261552810668945 2.5531175136566162109 2.82025909423828125 3.9003722667694091797 3.8695833683013916016 2.0278255939483642578 1.8569246530532836914 1.7066065073013305664 5.8763294219970703125 2.3608150482177734375 1.8697038888931274414 2.9753549098968505859 2.1756067276000976563 1.548157811164855957 1.4709335565567016602 1.3413807153701782227 0.97615426778793334961 1.0249028205871582031 0.93966662883758544922 1.2183423042297363281 4.5991234779357910156 1.8860288858413696289
8.4146680831909179688 2.1877105236053466797 1.4133766889572143555 1.2642273902893066406 1.7497012615203857422 1.3565287590026855469 3.4289608001708984375 2.6452524662017822266 2.8867976665496826172 2.9518182277679443359 2.9030497074127197266 3.7634737491607666016 3.2762560844421386719 2.6184344291687011719 1.7531810998916625977 2.05399322509765625 1.8360821008682250977 1.9919111728668212891 2.1962366104125976563 2.2787415981292724609 3.2733891010284423828 4.0483369827270507813 1.7947729825973510742 1.1925725936889648438 1.9956842660903930664 4.7874274253845214844 5.0422582626342773438 2.0964338779449462891 1.7194583415985107422 1.4065434932708740234 2.9587111473083496094 2.2318413257598876953 1.2136169672012329102 1.1165932416915893555 1.6556832790374755859 1.1381707191467285156 1.4462199211120605469 5.1142649650573730469 1.5325794219970703125 1.6908953189849853516
8.2590932846069335938 2.6618456840515136719 2.0990924835205078125 1.6680563688278198242 1.2908104658126831055 1.4507851600646972656 2.40914154052734375 3.0808854103088378906 2.7633709907531738281 3.2380626201629638672 3.0592105388641357422 2.4774522781372070313 1.7859421968460083008 2.8168778419494628906 2.6010823249816894531 1.8666390180587768555 1.8583531379699707031 1.7221530675888061523 1.6561608314514160156 2.1820938587188720703 3.0954022407531738281 2.5203990936279296875 1.2787827253341674805 1.668270111083984375 1.5839458703994750977 4.3893098831176757813 4.5491285324096679688 2.2270870208740234375 1.6587929725646972656 1.4081685543060302734 1.1185718774795532227 3.3181474208831787109 2.1570696830749511719 1.2783913612365722656 2.4803919792175292969 1.4552495479583740234 1.7932523488998413086 6.0298089981079101563 2.2670686244964599609 1.8422423601150512695
7.3085155487060546875 3.2644174098968505859 2.3237814903259277344 1.9623818397521972656 1.7933869361877441406 1.6311178207397460938 2.1568636894226074219 1.7029396295547485352 3.5856380462646484375 2.9190435409545898438 2.9563882350921630859 2.5445406436920166016 2.0659730434417724609 1.4535111188888549805 2.8177418708801269531 1.6607716083526611328 1.8269603252410888672 1.8587392568588256836 1.764645695686340332 2.3745706081390380859 2.1025605201721191406 2.1706812381744384766 1.2377032041549682617 1.2086013555526733398 1.1581951379776000977 4.2883272171020507813 4.0576548576354980469 2.3856308460235595703 2.0538167953491210938 1.5176208019256591797 1.2918937206268310547 2.0424087047576904297 3.2127232551574707031 1.4449802637100219727 1.8672075271606445313 1.7362692356109619141 2.4325702190399169922 4.7623801231384277344 2.8843479156494140625 2.2927434444427490234
2.3060023784637451172 7.2867941856384277344 2.268970489501953125 1.7330893278121948242 1.2878283262252807617 1.4183498620986938477 1.575619816780090332 1.9406757354736328125 3.0817978382110595703 2.4718747138977050781 2.1779706478118896484 2.4494507312774658203 2.3147523403167724609 1.9146190881729125977 2.2300698757171630859 1.5580137968063354492 1.7041579484939575195 1.9941743612289428711 2.7284846305847167969 1.4050818681716918945 1.6173534393310546875 1.9392495155334472656 2.0739762783050537109 2.6453080177307128906 3.1066496372222900391 3.7431230545043945313 3.3417708873748779297 2.92366790771484375 2.3901891708374023438 2.2693860530853271484 1.6907655000686645508 2.0396738052368164063 3.2421083450317382813 1.5217186212539672852 1.5877119302749633789 1.4306261539459228516 2.0159435272216796875 2.2175450325012207031 3.3673899173736572266 1.8666986227035522461
1.51428985595703125 9.2628307342529296875 3.1492357254028320313 2.6649115085601806641 2.5209982395172119141 2.0731706619262695313 1.3130242824554443359 1.6895990371704101563 1.8599103689193725586 1.9646390676498413086 1.7627768516540527344 1.7524461746215820313 2.3444333076477050781 2.1343648433685302734 1.3861283063888549805 2.0275127887725830078 1.5312765836715698242 2.954662322998046875 1.3153098821640014648 1.5874505043029785156 1.7349557876586914063 1.7031167745590209961 1.7067370414733886719 1.9478241205215454102 2.0058183670043945313 3.2123472690582275391 3.0906734466552734375 1.3937938213348388672 3.2420330047607421875 3.0526943206787109375 2.9030725955963134766 2.5839779376983642578 2.3920361995697021484 1.998723149299621582 1.0703139305114746094 1.2326178550720214844 1.0968120098114013672 1.6491895914077758789 2.2680213451385498047 2.8183588981628417969
2.2347590923309326172 6.4306550025939941406 6.7379651069641113281 2.7474184036254882813 2.6619217395782470703 2.3569362163543701172 2.0121870040893554688 1.4172631502151489258 2.1400175094604492188 1.4357433319091796875 1.3486772775650024414 1.3828976154327392578 1.3598538637161254883 2.0646834373474121094 1.8616340160369873047 1.5135501623153686523 2.2499721050262451172 2.1895511150360107422 1.3443404436111450195 1.6787507534027099609 1.5263293981552124023 1.3983932733535766602 1.5923274755477905273 1.6020276546478271484 1.6698892116546630859 2.8158423900604248047 2.9361171722412109375 1.4920748472213745117 1.3549544811248779297 4.0345139503479003906 3.2554914951324462891 1.6759314537048339844 1.3031399250030517578 1.4327565431594848633 1.3129127025604248047 0.79506254196166992188 0.66866773366928100586 1.3433917760848999023 1.5458716154098510742 1.8660948276519775391
4.8365545272827148438 5.9501490592956542969 6.7716851234436035156 4.0692768096923828125 4.0335259437561035156 3.9068789482116699219 3.6787164211273193359 3.6220874786376953125 3.6169767379760742188 3.5607178211212158203 3.4987514019012451172 3.2829890251159667969 1.8422441482543945313 1.2883920669555664063 1.9444406032562255859 1.6297807693481445313 2.0622212886810302734 2.0754137039184570313 1.5585740804672241211 1.4128017425537109375 1.3102097511291503906 1.5839624404907226563 1.3897202014923095703 1.3236542940139770508 1.3576154708862304688 2.5019931793212890625 2.7258064746856689453 1.5239983797073364258 1.332707524299621582 2.1120984554290771484 3.8826081752777099609 2.4132287502288818359 1.6358885765075683594 0.90622490644454956055 0.90777266025543212891 1.120867609977722168 1.0513390302658081055 0.89137554168701171875 1.4477812051773071289 1.6322511434555053711
3.5250382423400878906 2.0946204662322998047 6.4925227165222167969 2.6746137142181396484 2.0390257835388183594 1.4458249807357788086 2.7577815055847167969 2.49212646484375 2.3804852962493896484 2.241870880126953125 2.0519979000091552734 2.1785988807678222656 3.000217437744140625 1.7958555221557617188 1.5145460367202758789 2.0382242202758789063 2.0087769031524658203 2.1205265522003173828 1.8646585941314697266 1.6513830423355102539 1.9064618349075317383 1.8568290472030639648 1.3548789024353027344 1.0952897071838378906 1.4700216054916381836 2.188106536865234375 2.4956657886505126953 1.6318455934524536133 1.4614440202713012695 1.6256357431411743164 3.7707321643829345703 2.7660703659057617188 1.8978353738784790039 1.3634139299392700195 1.0032179355621337891 1.569147944450378418 1.7886327505111694336 1.2953432798385620117 1.4497922658920288086 1.3935552835464477539
1.900097966194152832 1.5780589580535888672 1.3322099447250366211 7.3238444328308105469 3.8933956623077392578 3.4758925437927246094 2.4494466781616210938 2.1278750896453857422 1.9074865579605102539 1.5989215373992919922 1.1724058389663696289 1.869586944580078125 2.0301189422607421875 2.6070406436920166016 2.0168886184692382813 2.6239950656890869141 2.1746320724487304688 1.813004612922668457 1.53479766845703125 1.8744497299194335938 1.988080143928527832 1.6494410037994384766 2.0220744609832763672 1.7712415456771850586 1.3996789455413818359 2.0855860710144042969 2.5159912109375 1.5446437597274780273 1.8928468227386474609 1.6557878255844116211 2.8119595050811767578 2.7579302787780761719 1.6579470634460449219 0.93654870986938476563 1.4274775981903076172 1.3375408649444580078 1.4365981817245483398 1.8536167144775390625 1.7586128711700439453 2.2656455039978027344
1.855961918830871582 1.2575210332870483398 3.4762661457061767578 4.5245599746704101563 6.3162508010864257813 3.0952990055084228516 2.6147198677062988281 2.3007719516754150391 1.9650493860244750977 1.59850311279296875 1.1343196630477905273 1.4840805530548095703 1.7710975408554077148 1.5442340373992919922 2.12369537353515625 3.0942866802215576172 1.7337574958801269531 1.9634649753570556641 1.7758375406265258789 1.7029998302459716797 2.5076658725738525391 1.8731912374496459961 1.9678413867950439453 1.8359209299087524414 2.9582264423370361328 1.9945815801620483398 2.2875280380249023438 2.5092766284942626953 1.9076081514358520508 2.0901515483856201172 2.8028130531311035156 4.0663442611694335938 2.7858850955963134766 2.2358329296112060547 1.7168297767639160156 1.4549248218536376953 1.8215438127517700195 2.4127199649810791016 3.1622958183288574219 1.5999102592468261719
