data/htwi.asc
ncols        95
nrows        77
xllcorner    639958.572750000167
yllcorner    6699796.106709999964
cellsize     30.000000000000
NODATA_value  -1
[rows 54 to 71 of 77, columns 0 to 39 of 95]
2.1333854198455810547 1.8314169645309448242 1.5066183805465698242 1.5841802358627319336 1.6651563644409179688 1.6486518383026123047 1.7732007503509521484 5.2540760040283203125 3.4861176013946533203 3.0005030632019042969 2.1084463596343994141 1.4038045406341552734 1.3090356588363647461 2.1188554763793945313 4.7868113517761230469 1.577556610107421875 1.4695711135864257813 1.8855496644973754883 3.25079345703125 3.1840658187866210938 2.09975433349609375 1.7529473304748535156 4.0130853652954101563 2.7084708213806152344 2.0239970684051513672 1.6684029102325439453 1.7993110418319702148 1.4317394495010375977 1.4572771787643432617 1.5251441001892089844 3.6621906757354736328 3.5348844528198242188 1.6014190912246704102 1.8185445070266723633 1.8354799747467041016 1.7674134969711303711 1.8381971120834350586 1.8772016763687133789 1.712782740592956543 2.3233559131622314453
2.3872594833374023438 2.1155805587768554688 2.0142328739166259766 1.5794638395309448242 2.0723023414611816406 2.0661306381225585938 2.2051057815551757813 2.4311304092407226563 6.3799195289611816406 2.2869791984558105469 2.1125736236572265625 2.4396500587463378906 2.7605581283569335938 4.3345212936401367188 3.5628263950347900391 1.6246222257614135742 1.6011221408843994141 2.2958600521087646484 2.0472102165222167969 1.8963341712951660156 2.5039374828338623047 1.676792144775390625 3.7996664047241210938 2.4052999019622802734 1.79465484619140625 1.4718308448791503906 1.6648252010345458984 1.5601323843002319336 3.1003613471984863281 3.682682037353515625 3.3949129581451416016 2.3485653400421142578 1.8104758262634277344 1.9625990390777587891 1.6623678207397460938 1.535620570182800293 1.585852503776550293 1.1393702030181884766 1.8983749151229858398 2.8621358871459960938
3.2046356201171875 1.4410837888717651367 2.3307197093963623047 1.5153913497924804688 2.0256810188293457031 2.4121472835540771484 2.6184940338134765625 3.0428996086120605469 7.0192747116088867188 2.7756400108337402344 2.2786760330200195313 2.6334826946258544922 2.8125591278076171875 4.1411499977111816406 3.0671315193176269531 1.4389799833297729492 1.5633052587509155273 1.7929111719131469727 1.7030565738677978516 1.2836520671844482422 1.8920392990112304688 3.0108385086059570313 3.0099961757659912109 1.8726540803909301758 1.4718225002288818359 1.6655429601669311523 2.0948643684387207031 2.6606893539428710938 2.2416656017303466797 2.5629365444183349609 2.1679894924163818359 1.9066430330276489258 2.0080101490020751953 1.6645482778549194336 1.4088816642761230469 1.1988520622253417969 1.1766040325164794922 1.7251240015029907227 2.2385931015014648438 2.8228769302368164063
5.2070531845092773438 2.238819122314453125 2.4998645782470703125 1.3420500755310058594 2.4469296932220458984 1.6951153278350830078 3.1974022388458251953 7.0536789894104003906 3.1899628639221191406 3.0068316459655761719 2.2537558078765869141 2.4256751537322998047 2.7320635318756103516 2.3477666378021240234 2.6210877895355224609 1.838237762451171875 1.6265908479690551758 2.0067074298858642578 1.8556631803512573242 1.6382361650466918945 1.8906502723693847656 2.2615423202514648438 2.0381174087524414063 2.2172770500183105469 1.7741906642913818359 1.8535647392272949219 2.1443359851837158203 1.9610183238983154297 1.9028987884521484375 1.5430983304977416992 1.8667287826538085938 2.0338637828826904297 1.7721948623657226563 1.6318993568420410156 1.5341719388961791992 1.2793270349502563477 1.6378412246704101563 2.1746096611022949219 3.0105226039886474609 1.9042582511901855469
2.6380770206451416016 4.8646645545959472656 2.2386822700500488281 2.6289155483245849609 2.7439248561859130859 1.6641463041305541992 2.2353138923645019531 7.5816168785095214844 3.0069568157196044922 2.7373454570770263672 2.2175154685974121094 2.3675556182861328125 2.7338416576385498047 2.3553411960601806641 1.8486015796661376953 1.324007868766784668 1.503121495246887207 2.1409990787506103516 2.4542167186737060547 2.4266831874847412109 1.4240125417709350586 1.5956790447235107422 1.5931160449981689453 1.3913730382919311523 1.8943703174591064453 2.1193442344665527344 2.0474066734313964844 1.8226954936981201172 1.5871759653091430664 1.9840732812881469727 2.3833949565887451172 1.57364654541015625 2.0380742549896240234 2.0877630710601806641 2.0644218921661376953 2.3454451560974121094 2.3880417346954345703 2.9363076686859130859 1.8843501806259155273 5.858062744140625
2.1246521472930908203 2.2275652885437011719 4.28383636474609375 3.3772342205047607422 3.3648281097412109375 2.2069447040557861328 5.8914446830749511719 3.0252256393432617188 2.0707945823669433594 2.0021250247955322266 1.8596400022506713867 2.3073194026947021484 2.7569720745086669922 3.5498447418212890625 2.7202284336090087891 1.7061603069305419922 1.7444158792495727539 1.6224983930587768555 2.5964100360870361328 2.2139170169830322266 1.386387944221496582 1.3704082965850830078 1.2860267162322998047 1.7649703025817871094 2.3792653083801269531 3.0399415493011474609 3.4157094955444335938 3.3343112468719482422 3.1288640499114990234 3.8322811126708984375 4.1426386833190917969 4.347690582275390625 4.622802734375 5.0513463020324707031 5.6969814300537109375 5.4606852531433105469 5.2014455795288085938 5.6294922828674316406 6.5139555931091308594 5.1630330085754394531
1.7498818635940551758 1.5633093118667602539 2.2715442180633544922 5.0144166946411132813 4.0103321075439453125 5.6802196502685546875 2.7832112312316894531 2.300205230712890625 2.7040166854858398438 1.9493559598922729492 1.4694761037826538086 1.2014392614364624023 1.5718915462493896484 2.1024372577667236328 4.6094760894775390625 2.1697504520416259766 1.6931868791580200195 2.1659016609191894531 2.4298152923583984375 2.1631662845611572266 1.7389851808547973633 1.7298675775527954102 1.7819783687591552734 1.7594145536422729492 2.1979367733001708984 2.7853646278381347656 3.2248342037200927734 3.3910317420959472656 3.7871203422546386719 2.93624114990234375 3.6627538204193115234 3.7366428375244140625 4.2365999221801757813 5.4124274253845214844 4.7902536392211914063 1.9098861217498779297 1.6405069828033447266 2.5027575492858886719 4.6660342216491699219 2.6901483535766601563
2.0957150459289550781 1.3708970546722412109 1.8978064060211181641 2.6794621944427490234 5.1523981094360351563 5.5499167442321777344 2.4561545848846435547 3.1287655830383300781 1.8054754734039306641 1.2092027664184570313 1.4156162738800048828 1.2904114723205566406 0.9647362828254699707 1.5244681835174560547 2.5881359577178955078 4.8685994148254394531 2.3976392745971679688 2.2785315513610839844 2.3137052059173583984 1.9513593912124633789 1.6578048467636108398 1.5896593332290649414 2.230098724365234375 1.4041628837585449219 1.8539566993713378906 2.3903367519378662109 2.9527285099029541016 3.4914519786834716797 3.5464551448822021484 4.0595507621765136719 1.2620486021041870117 2.1915009021759033203 3.3140466213226318359 4.7143959999084472656 1.9126480817794799805 1.5300618410110473633 1.6293510198593139648 2.3655154705047607422 3.7254226207733154297 2.0948207378387451172
3.552631378173828125 2.2944905757904052734 2.0997602939605712891 2.6022381782531738281 4.904193878173828125 5.5613412857055664063 3.5299105644226074219 2.3433165550231933594 1.9346747398376464844 1.6839936971664428711 1.6109198331832885742 1.7097404003143310547 1.4364948272705078125 1.7714564800262451172 2.4420673847198486328 3.8683123588562011719 4.7505478858947753906 2.5315101146697998047 2.1642129421234130859 1.0357092618942260742 1.1159321069717407227 1.5314825773239135742 1.9263746738433837891 1.5619599819183349609 1.9095201492309570313 2.2865724563598632813 2.9182443618774414063 3.9887464046478271484 5.2434129714965820313 1.8192640542984008789 1.8866115808486938477 2.5941452980041503906 2.0929653644561767578 3.9371829032897949219 3.1683340072631835938 1.7055617570877075195 2.2187037467956542969 2.8459005355834960938 2.9530904293060302734 1.4889605045318603516
2.4175963401794433594 3.3317823410034179688 2.8233516216278076172 2.6413395404815673828 5.8165121078491210938 3.50914764404296875 2.4206888675689697266 1.9721039533615112305 1.6367019414901733398 1.3070729970932006836 1.5911556482315063477 1.6585397720336914063 1.5432972908020019531 1.8430268764495849609 2.3154122829437255859 2.8292768001556396484 5.4316372871398925781 3.3904733657836914063 1.674294590950012207 1.4047006368637084961 1.4822825193405151367 1.4065977334976196289 1.6748501062393188477 2.1447975635528564453 1.5745803117752075195 2.0101811885833740234 2.6904911994934082031 5.5070638656616210938 2.5659110546112060547 2.4421525001525878906 2.9398572444915771484 1.9371114969253540039 2.9291326999664306641 2.9239134788513183594 2.4600813388824462891 2.1530888080596923828 1.155127406120300293 2.5129506587982177734 2.4573948383331298828 1.8226937055587768555
1.5469115972518920898 2.4693334102630615234 3.7723436355590820313 2.8122859001159667969 5.8075265884399414063 2.4453263282775878906 2.0452580451965332031 1.6694506406784057617 1.2142196893692016602 1.7819713354110717773 1.3351424932479858398 1.3112428188323974609 1.1229436397552490234 1.0964295864105224609 1.147449493408203125 1.3777266740798950195 1.7804082632064819336 5.3661837577819824219 3.0797951221466064453 2.0939764976501464844 1.47330474853515625 1.3262273073196411133 2.1589031219482421875 2.6936209201812744141 1.9811193943023681641 2.5429711341857910156 3.5404484272003173828 3.4378647804260253906 2.1318199634552001953 2.4557881355285644531 2.1310722827911376953 3.4747827053070068359 1.9065698385238647461 2.5205523967742919922 1.9743759632110595703 1.6014539003372192383 1.0487210750579833984 2.1276142597198486328 2.1496515274047851563 1.1662189960479736328
1.8070745468139648438 2.58123016357421875 3.883182525634765625 3.0986902713775634766 5.8806362152099609375 2.4756176471710205078 1.6994841098785400391 1.2334183454513549805 1.974270939826965332 1.1933541297912597656 1.5958284139633178711 1.0745143890380859375 1.4697824716567993164 1.4281055927276611328 1.4430222511291503906 2.0080254077911376953 2.0211358070373535156 5.4810886383056640625 2.9649646282196044922 2.44222259521484375 2.402400970458984375 2.4748976230621337891 1.983765721321105957 4.0102987289428710938 2.9568150043487548828 2.8305590152740478516 2.1986186504364013672 2.7389972209930419922 2.1846704483032226563 2.8010032176971435547 3.9727385044097900391 2.5601067543029785156 1.9149018526077270508 2.5479254722595214844 1.8914359807968139648 1.3723397254943847656 1.2349678277969360352 1.8802807331085205078 1.5945315361022949219 1.7343862056732177734
2.1695845127105712891 2.7457029819488525391 3.9292864799499511719 6.0992188453674316406 2.1007153987884521484 1.6513364315032958984 1.2797590494155883789 2.2971670627593994141 1.2191084623336791992 1.6156173944473266602 1.8233630657196044922 1.4750750064849853516 0.97122180461883544922 1.6581135988235473633 1.739349365234375 2.8465447425842285156 5.0300474166870117188 3.2760961055755615234 3.0153253078460693359 2.6372199058532714844 2.7161564826965332031 3.0210523605346679688 3.4121570587158203125 2.4338681697845458984 2.8542873859405517578 2.0604734420776367188 2.6617505550384521484 1.6770513057708740234 1.5372014045715332031 1.5903404951095581055 2.6184475421905517578 2.4935932159423828125 2.4881389141082763672 2.6657338142395019531 1.8732148408889770508 2.3891844749450683594 2.2395806312561035156 1.6981630325317382813 1.5367155075073242188 1.4497356414794921875
3.8214013576507568359 3.3812682628631591797 6.1652827262878417969 2.4082100391387939453 1.2289073467254638672 1.2000061273574829102 2.4266862869262695313 1.3069897890090942383 1.7565428018569946289 1.9352048635482788086 2.0530092716217041016 1.8023393154144287109 1.0245928764343261719 1.4724376201629638672 2.5850677490234375 3.1622862815856933594 5.1875429153442382813 3.2451064586639404297 1.9224805831909179688 1.4671498537063598633 1.1773153543472290039 1.419921875 1.6322329044342041016 2.0543804168701171875 2.1894547939300537109 2.2271018028259277344 2.3258397579193115234 1.922031402587890625 1.4917607307434082031 1.5662200450897216797 1.9169206619262695313 2.0245647430419921875 2.9867978096008300781 1.9794583320617675781 1.6660494804382324219 1.7095496654510498047 1.7993199825286865234 1.9111056327819824219 2.4949095249176025391 2.2228441238403320313
5.1909570693969726563 5.9084115028381347656 6.8825273513793945313 2.4581515789031982422 1.7122627496719360352 2.4689989089965820313 1.6153410673141479492 1.230299830436706543 2.0241587162017822266 2.1462061405181884766 2.2884290218353271484 2.1446299552917480469 1.1830906867980957031 1.7062104940414428711 3.2311520576477050781 3.5488595962524414063 5.4419865608215332031 2.6527261734008789063 1.6230869293212890625 1.0409593582153320313 1.5698916912078857422 1.6826148033142089844 1.7722150087356567383 1.6027053594589233398 2.8785378932952880859 2.3754301071166992188 1.7613719701766967773 1.3671716451644897461 1.7179259061813354492 1.9299017190933227539 2.2635693550109863281 2.4120635986328125 2.5600943565368652344 3.5702989101409912109 1.7742502689361572266 2.5589697360992431641 1.6869958639144897461 2.4392828941345214844 1.6504379510879516602 1.7725963592529296875
1.4561750888824462891 1.7032064199447631836 7.5447597503662109375 1.5358431339263916016 2.8098821640014648438 2.0277111530303955078 1.6244268417358398438 1.2001423835754394531 2.2172091007232666016 2.405437469482421875 2.6705861091613769531 2.6529984474182128906 1.4977031946182250977 2.0843505859375 3.0651988983154296875 6.6956706047058105469 5.7143597602844238281 2.4968771934509277344 2.2719786167144775391 1.8974924087524414063 1.8156019449234008789 1.8753606081008911133 1.6088196039199829102 1.7302010059356689453 1.6126210689544677734 1.5094677209854125977 1.7424495220184326172 1.6545729637145996094 1.7969882488250732422 2.9588363170623779297 2.7979731559753417969 1.7954695224761962891 3.1563847064971923828 3.8429582118988037109 3.1157283782958984375 2.4385993480682373047 2.8608338832855224609 2.2205531597137451172 2.1538238525390625 2.06121063232421875
1.7832982540130615234 1.9093329906463623047 6.787227630615234375 3.1009633541107177734 2.3687999248504638672 2.1495599746704101563 1.752015233039855957 1.2835640907287597656 2.4960813522338867188 2.7230899333953857422 3.0043215751647949219 3.1297907829284667969 1.8554625511169433594 2.4681670665740966797 3.0312607288360595703 9.9738750457763671875 2.5122399330139160156 1.8878127336502075195 1.4932135343551635742 2.2618415355682373047 2.7763390541076660156 2.475650787353515625 2.0026874542236328125 1.6306709051132202148 1.2131849527359008789 1.1561468839645385742 1.5757768154144287109 2.4016642570495605469 2.3186452388763427734 3.2451684474945068359 1.7276273965835571289 2.5778212547302246094 3.1614847183227539063 3.856914520263671875 1.7746564149856567383 2.4119892120361328125 2.9618449211120605469 2.2900168895721435547 2.4215476512908935547 3.1880979537963867188
2.2440934181213378906 2.1126475334167480469 6.57576751708984375 3.3659644126892089844 2.2584209442138671875 2.0538156032562255859 1.7645878791809082031 1.3262722492218017578 2.6474802494049072266 2.77989959716796875 3.4391446113586425781 1.6033812761306762695 1.966814875602722168 2.7850930690765380859 4.0205907821655273438 7.6199598312377929688 2.3846096992492675781 1.6486310958862304688 1.636302947998046875 3.5938200950622558594 1.5541551113128662109 1.2677437067031860352 1.411372065544128418 1.9197108745574951172 1.4715197086334228516 0.98253297805786132813 2.0360088348388671875 2.6024634838104248047 2.4602406024932861328 2.8707206249237060547 1.2697011232376098633 1.7315374612808227539 3.9742760658264160156 1.4345628023147583008 1.5308846235275268555 2.7658317089080810547 3.3917860984802246094 3.5786621570587158203 3.3636202812194824219 2.269672393798828125
