data/htwi.asc
ncols        95
nrows        77
xllcorner    639958.572750000167
yllcorner    6699796.106709999964
cellsize     30.000000000000
NODATA_value  -1
[rows 0 to 17 of 77, columns 40 to 79 of 95]
5.6484713554382324219 2.3862903118133544922 2.7100746631622314453 1.9633617401123046875 1.6893044710159301758 1.3154698610305786133 2.0715525150299072266 3.9356138706207275391 3.1173641681671142578 1.75334930419921875 1.8504480123519897461 2.0658686161041259766 1.8664826154708862305 2.1324203014373779297 1.9639106988906860352 1.8086034059524536133 1.8736901283264160156 2.2629857063293457031 2.7365362644195556641 1.6893646717071533203 1.6497426033020019531 1.9766557216644287109 3.5799868106842041016 6.2979726791381835938 5.330867767333984375 1.8678946495056152344 2.0669960975646972656 2.6560690402984619141 3.3718903064727783203 2.7686214447021484375 1.9654525518417358398 1.8232338428497314453 1.4519048929214477539 1.9342461824417114258 1.9752902984619140625 2.2032535076141357422 1.0660691261291503906 1.4846613407135009766 1.8113235235214233398 1.8281362056732177734
5.4809560775756835938 1.5371630191802978516 1.0546399354934692383 2.5187296867370605469 1.6099334955215454102 1.2295401096343994141 1.7383712530136108398 3.9367778301239013672 2.9521322250366210938 1.8736623525619506836 1.6128700971603393555 2.2143964767456054688 3.0021581649780273438 2.0788149833679199219 1.7952291965484619141 2.1308844089508056641 1.5676839351654052734 1.6471152305603027344 2.1648604869842529297 1.6192871332168579102 1.4125833511352539063 2.0916378498077392578 2.8226106166839599609 3.7414984703063964844 1.6537011861801147461 1.3239446878433227539 1.4414503574371337891 1.9295009374618530273 2.4616236686706542969 2.3274772167205810547 1.5058321952819824219 1.4685175418853759766 0.99122732877731323242 1.7631598711013793945 1.8695787191390991211 2.2779660224914550781 1.3115373849868774414 1.6654479503631591797 1.5961465835571289063 1.1381701231002807617
5.3524341583251953125 1.733019709587097168 1.0187821388244628906 2.0295326709747314453 1.6111890077590942383 1.2933948040008544922 1.3695664405822753906 4.0685148239135742188 2.9999806880950927734 1.844864964485168457 2.9971561431884765625 2.2006456851959228516 2.0392601490020751953 2.7496638298034667969 1.7364952564239501953 2.656253814697265625 1.9882206916809082031 1.4728437662124633789 2.28766632080078125 2.0782282352447509766 1.7443089485168457031 1.6196578741073608398 1.6952221393585205078 2.972332000732421875 2.0113306045532226563 1.4911515712738037109 1.1421935558319091797 1.5309206247329711914 2.4683358669281005859 2.3615629673004150391 1.2453427314758300781 1.2538099288940429688 1.6461324691772460938 1.5991405248641967773 1.6618731021881103516 1.4815700054168701172 1.7384668588638305664 1.4639999866485595703 1.2156327962875366211 1.6851388216018676758
3.4255518913269042969 1.4567104578018188477 1.6116228103637695313 1.8008812665939331055 1.5444359779357910156 1.848178863525390625 2.3525981903076171875 4.2755227088928222656 2.9298682212829589844 2.5266985893249511719 2.049480438232421875 1.8051466941833496094 2.8600056171417236328 3.3495490550994873047 1.9083188772201538086 3.0498218536376953125 2.3939936161041259766 1.9172080755233764648 2.4146418571472167969 2.2414288520812988281 1.5508424043655395508 1.8063397407531738281 2.4516313076019287109 2.245334625244140625 1.6463980674743652344 2.1200962066650390625 1.6465874910354614258 1.932895660400390625 2.4419422149658203125 2.4369614124298095703 1.7276610136032104492 1.6972061395645141602 1.3865054845809936523 1.2341207265853881836 2.1993038654327392578 2.7653348445892333984 3.7448029518127441406 3.5669548511505126953 3.3271214962005615234 3.4783463478088378906
3.1413233280181884766 1.5727828741073608398 1.5221459865570068359 2.3191823959350585938 3.1663074493408203125 3.1194720268249511719 5.4330725669860839844 1.9251893758773803711 2.3584764003753662109 1.8522742986679077148 2.3333139419555664063 3.0379869937896728516 4.3324441909790039063 4.0856328010559082031 2.753955841064453125 3.5949883460998535156 2.8082854747772216797 2.3213505744934082031 2.6505107879638671875 2.4376804828643798828 1.9288320541381835938 2.1178212165832519531 1.9962822198867797852 2.084285736083984375 1.777248382568359375 1.9242142438888549805 1.9823560714721679688 1.8730514049530029297 2.3506095409393310547 2.2691075801849365234 2.6451020240783691406 1.82164764404296875 1.9413987398147583008 2.1474857330322265625 1.3072075843811035156 2.5496189594268798828 1.4910931587219238281 1.979869842529296875 2.2067699432373046875 3.1838998794555664063
1.6793663501739501953 3.2322099208831787109 2.2015056610107421875 4.5819392204284667969 4.9581518173217773438 5.2149643898010253906 2.4967668056488037109 1.8886208534240722656 2.1583082675933837891 2.3655574321746826172 2.7743408679962158203 3.2892537117004394531 3.9765658378601074219 6.1914057731628417969 3.5608549118041992188 2.7916769981384277344 3.2570416927337646484 3.2127385139465332031 2.8806416988372802734 2.7640850543975830078 2.4449822902679443359 2.7467617988586425781 2.2452981472015380859 1.6080108880996704102 1.9186903238296508789 1.9449670314788818359 1.724299311637878418 2.0185260772705078125 2.3337755203247070313 2.2578334808349609375 2.5334408283233642578 1.8924406766891479492 1.9877483844757080078 2.2698671817779541016 2.4775125980377197266 1.4060599803924560547 1.8785163164138793945 2.2712249755859375 3.4301078319549560547 2.7830688953399658203
2.026462554931640625 1.5892845392227172852 4.123600006103515625 4.1061115264892578125 3.6966097354888916016 2.5025799274444580078 1.662863612174987793 1.7724192142486572266 1.9943183660507202148 2.392551422119140625 2.9135763645172119141 3.4042346477508544922 4.8067545890808105469 5.3799600601196289063 2.3492248058319091797 1.9680970907211303711 1.8880087137222290039 3.6612999439239501953 2.9298942089080810547 3.1834571361541748047 2.7674558162689208984 2.3680751323699951172 1.5571012496948242188 1.9884963035583496094 2.6479620933532714844 1.9505305290222167969 1.6276739835739135742 2.3134324550628662109 1.8666986227035522461 2.9707052707672119141 1.9276037216186523438 2.0203006267547607422 2.0419187545776367188 2.3453199863433837891 2.6304404735565185547 2.6876585483551025391 2.7277805805206298828 3.0123767852783203125 3.0401287078857421875 2.5532934665679931641
1.615342259407043457 1.7996257543563842773 3.1918239593505859375 2.9638206958770751953 3.0962176322937011719 1.6504368782043457031 1.8955556154251098633 1.9239716529846191406 1.5539267063140869141 1.3714116811752319336 1.4104287624359130859 2.0889537334442138672 4.7504453659057617188 5.1463680267333984375 2.8644783496856689453 1.5291781425476074219 1.6935198307037353516 3.7331364154815673828 3.0881640911102294922 3.1808521747589111328 3.0358514785766601563 1.3824141025543212891 2.0098736286163330078 2.5110375881195068359 3.3708910942077636719 2.0990755558013916016 1.5916191339492797852 2.4170000553131103516 2.2009732723236083984 3.2000584602355957031 1.7905600070953369141 1.9895021915435791016 1.5348076820373535156 1.5644267797470092773 2.2064900398254394531 2.3794105052947998047 2.4974164962768554688 2.8715121746063232422 2.8638365268707275391 1.3675116300582885742
1.2551934719085693359 1.25788116455078125 2.7634057998657226563 2.2778899669647216797 2.4957585334777832031 1.8938171863555908203 2.5915160179138183594 1.9276969432830810547 1.572292327880859375 1.475199580192565918 2.0156354904174804688 2.4177503585815429688 5.4720964431762695313 7.6183390617370605469 2.2842543125152587891 1.8756409883499145508 2.2147324085235595703 2.9339582920074462891 4.5172028541564941406 3.5315988063812255859 3.3358454704284667969 2.2201116085052490234 2.6254429817199707031 3.6083211898803710938 2.6957750320434570313 1.6950858831405639648 2.1034576892852783203 2.6525609493255615234 3.5082340240478515625 2.3032069206237792969 1.8593554496765136719 2.1183707714080810547 2.3659818172454833984 2.8324213027954101563 1.7480413913726806641 1.6406698226928710938 2.1123375892639160156 2.6116473674774169922 1.8269401788711547852 1.7870059013366699219
1.6197264194488525391 1.4800831079483032227 2.4919600486755371094 1.8281332254409790039 1.6410133838653564453 1.5208084583282470703 1.8705981969833374023 2.0898020267486572266 1.8730986118316650391 1.942852020263671875 1.6958012580871582031 2.402698516845703125 5.3173389434814453125 5.017261505126953125 6.2337489128112792969 5.451496124267578125 5.2987160682678222656 5.5425190925598144531 6.0769066810607910156 5.3155975341796875 4.0659074783325195313 2.7819726467132568359 3.3241429328918457031 2.5563595294952392578 1.538181304931640625 1.9979928731918334961 2.2836627960205078125 2.8176186084747314453 3.7491309642791748047 2.2171566486358642578 1.8769786357879638672 2.1043255329132080078 1.6254285573959350586 2.1726114749908447266 3.4868128299713134766 3.5841009616851806641 3.6718814373016357422 1.8007154464721679688 1.662068486213684082 1.2120031118392944336
1.457445979118347168 2.1355783939361572266 1.5978312492370605469 1.4854228496551513672 1.0050501823425292969 1.8549382686614990234 2.7876017093658447266 3.0602488517761230469 3.3021788597106933594 3.8793838024139404297 4.7348113059997558594 5.7227511405944824219 4.4793000221252441406 2.0697646141052246094 1.4190257787704467773 1.7171791791915893555 2.0064871311187744141 2.3651218414306640625 2.8772025108337402344 6.5879101753234863281 5.9553360939025878906 1.6618099212646484375 3.2740130424499511719 2.6196811199188232422 1.281100153923034668 2.0290722846984863281 2.922149658203125 3.3812298774719238281 2.3357892036437988281 2.1472597122192382813 1.7800233364105224609 1.7445893287658691406 2.2619407176971435547 2.6443564891815185547 2.8986194133758544922 2.9750025272369384766 3.0544881820678710938 3.5600419044494628906 1.8759295940399169922 1.5809483528137207031
1.9641934633255004883 1.6342415809631347656 1.0920490026473999023 1.0943599939346313477 1.413975834846496582 1.6496475934982299805 1.7529615163803100586 2.4916253089904785156 3.0136206150054931641 3.5795788764953613281 4.5302166938781738281 4.7580113410949707031 2.2353990077972412109 1.6250153779983520508 1.3665966987609863281 1.6124250888824462891 1.9251167774200439453 2.2884035110473632813 2.7846567630767822266 3.3273947238922119141 7.06992340087890625 2.2342603206634521484 3.3834977149963378906 2.7436876296997070313 1.6806107759475708008 2.1546838283538818359 3.6582794189453125 2.2407457828521728516 2.1430280208587646484 1.5819554328918457031 2.0627677440643310547 1.9842119216918945313 1.669653773307800293 1.9683939218521118164 1.8448289632797241211 2.1050658226013183594 1.4403830766677856445 2.7871572971343994141 3.1482346057891845703 1.8077664375305175781
1.7461625337600708008 1.7675718069076538086 1.2322324514389038086 1.3396216630935668945 1.5128359794616699219 1.3463840484619140625 1.5817736387252807617 1.6122072935104370117 1.0392929315567016602 1.3324389457702636719 2.7777717113494873047 4.6764740943908691406 1.9266386032104492188 2.7754771709442138672 1.4715781211853027344 1.6041456460952758789 1.8671319484710693359 2.2425992488861083984 2.7923281192779541016 4.5063643455505371094 4.6718816757202148438 6.6681799888610839844 3.7685744762420654297 2.9584808349609375 2.0017907619476318359 3.8899519443511962891 2.4108102321624755859 2.1815330982208251953 1.7609410285949707031 1.4319796562194824219 2.1428649425506591797 2.1606132984161376953 2.2951145172119140625 1.7571041584014892578 1.7804560661315917969 1.4472841024398803711 2.0218901634216308594 1.6415104866027832031 2.6527788639068603516 3.0438995361328125
3.3277189731597900391 1.5493117570877075195 1.4686385393142700195 2.0569193363189697266 1.4032337665557861328 1.5543451309204101563 1.3494292497634887695 0.83473181724548339844 1.4237881898880004883 2.1054246425628662109 2.8624010086059570313 3.9830732345581054688 2.5702419281005859375 2.4762990474700927734 1.5105072259902954102 1.6962717771530151367 1.8771468400955200195 2.2373452186584472656 4.0167307853698730469 2.8144705295562744141 3.7944376468658447266 3.828525543212890625 6.4511356353759765625 4.1085181236267089844 2.4521613121032714844 4.34561920166015625 2.43084716796875 1.9544453620910644531 1.2303026914596557617 1.8366032838821411133 2.3516371250152587891 2.3717596530914306641 2.5630745887756347656 1.4940062761306762695 1.5503358840942382813 1.8247603178024291992 1.6575132608413696289 2.4729638099670410156 2.8504652976989746094 3.3753340244293212891
2.4173243045806884766 2.914775848388671875 1.709540247917175293 4.1269478797912597656 1.9615583419799804688 1.5333963632583618164 1.066435694694519043 1.2785915136337280273 1.6972829103469848633 2.4093871116638183594 2.6547296047210693359 2.16796112060546875 3.0328457355499267578 2.3478853702545166016 2.4393768310546875 2.3562309741973876953 2.3521177768707275391 3.40430450439453125 2.5849938392639160156 3.2976660728454589844 1.7460349798202514648 2.3698506355285644531 2.6357336044311523438 6.6095252037048339844 7.3743834495544433594 5.0963726043701171875 2.3940384387969970703 1.6947747468948364258 1.9452817440032958984 1.3781180381774902344 2.7130935192108154297 2.7266595363616943359 2.9061439037322998047 1.4841519594192504883 1.4976371526718139648 1.8145920038223266602 2.0227963924407958984 2.2828524112701416016 2.4648916721343994141 2.5234041213989257813
1.8116523027420043945 2.2539045810699462891 3.192417144775390625 1.6996635198593139648 1.8035753965377807617 1.1424869298934936523 0.99793952703475952148 0.91335266828536987305 1.5307719707489013672 2.3912959098815917969 1.902462005615234375 1.7108997106552124023 1.7750761508941650391 1.8959257602691650391 2.6968114376068115234 2.7563676834106445313 2.9210369586944580078 2.1322350502014160156 3.4143016338348388672 1.5476843118667602539 1.7199323177337646484 1.07830047607421875 1.6449754238128662109 2.8505260944366455078 4.1370310783386230469 11.807718276977539063 1.6299737691879272461 2.5244724750518798828 1.5649037361145019531 1.2700352668762207031 2.9237439632415771484 3.7179689407348632813 2.0066039562225341797 1.4955421686172485352 1.477995753288269043 1.8516067266464233398 2.1919381618499755859 2.4696605205535888672 2.5011885166168212891 2.5606184005737304688
1.7722527980804443359 1.6598035097122192383 1.318323969841003418 0.98643833398818969727 1.2758413553237915039 1.4975597858428955078 1.2594560384750366211 1.3918116092681884766 1.1881690025329589844 1.6274391412734985352 2.1621379852294921875 2.0577609539031982422 1.8747082948684692383 2.5764157772064208984 1.7488483190536499023 1.9348359107971191406 1.7773859500885009766 2.0727379322052001953 2.8659391403198242188 1.6568981409072875977 1.2996140718460083008 1.5274025201797485352 1.9798744916915893555 2.9687411785125732422 2.0291078090667724609 1.6827847957611083984 6.7775416374206542969 2.8899173736572265625 1.4860190153121948242 2.4865126609802246094 1.3428363800048828125 3.6561949253082275391 2.2872211933135986328 1.8427257537841796875 1.3417478799819946289 1.9093801975250244141 2.4097466468811035156 1.535883784294128418 1.2543989419937133789 1.1356225013732910156
1.6050039529800415039 1.1863591670989990234 1.3210853338241577148 1.1854099035263061523 1.6007649898529052734 1.6326708793640136719 1.5262355804443359375 1.6635689735412597656 1.5374056100845336914 1.7045730352401733398 1.8432464599609375 1.4923841953277587891 2.2754697799682617188 2.5245823860168457031 2.2101776599884033203 1.6569955348968505859 1.9706276655197143555 1.8288451433181762695 2.1563129425048828125 2.2680296897888183594 2.2337975502014160156 2.2190992832183837891 2.6715800762176513672 1.7563822269439697266 1.5252656936645507813 1.7686619758605957031 2.2605659961700439453 6.7809205055236816406 2.9070849418640136719 1.5677742958068847656 3.3154149055480957031 1.3644622564315795898 2.3288662433624267578 1.9587999582290649414 1.6224582195281982422 1.9818449020385742188 1.2941533327102661133 2.2229030132293701172 1.4927217960357666016 1.3677690029144287109
