data/twi.asc
ncols        95
nrows        77
xllcorner    639958.572799999965
yllcorner    6699796.106700000353
cellsize     30.000000000000
NODATA_value  -1
[rows 54 to 71 of 77, columns 0 to 39 of 95]
5.8811292648315429688 6.1715688705444335938 7.141216278076171875 6.5501170158386230469 6.6908230781555175781 6.5050415992736816406 10.621623992919921875 6.6935091018676757813 8.7603101730346679688 7.8934960365295410156 6.4798259735107421875 6.9258251190185546875 6.2479076385498046875 7.1747326850891113281 9.86864471435546875 6.5074744224548339844 6.3450374603271484375 7.0072078704833984375 8.2413692474365234375 8.8291559219360351563 7.4955420494079589844 8.2925090789794921875 9.7392358779907226563 8.1886892318725585938 7.3536581993103027344 5.9039177894592285156 6.1092476844787597656 6.9062147140502929688 6.3380384445190429688 6.4558215141296386719 6.5792512893676757813 9.9909582138061523438 7.4652299880981445313 6.2277026176452636719 7.1791586875915527344 5.6751070022583007813 7.3046145439147949219 6.5203599929809570313 7.4362254142761230469 6.5648846626281738281
6.0789356231689453125 6.8473229408264160156 6.3832302093505859375 7.5466814041137695313 7.1489686965942382813 7.141216278076171875 6.5807223320007324219 10.662380218505859375 10.277109146118164063 7.3949713706970214844 7.4366507530212402344 7.7894353866577148438 8.4243907928466796875 9.4888439178466796875 8.2462739944458007813 6.4558210372924804688 6.3832302093505859375 7.1738848686218261719 6.0789356231689453125 7.8421158790588378906 7.6582531929016113281 6.5501170158386230469 9.0871267318725585938 7.8573455810546875 6.1584677696228027344 7.1729731559753417969 6.9062147140502929688 6.5050415992736816406 8.9029369354248046875 9.3298807144165039063 10.016867637634277344 7.6189723014831542969 6.8516149520874023438 7.141216278076171875 6.6375184059143066406 7.118656158447265625 5.8076024055480957031 6.9847164154052734375 6.5669050216674804688 8.0737104415893554688
7.4428620338439941406 6.344249725341796875 7.0900769233703613281 6.3900332450866699219 7.8343634605407714844 7.5550899505615234375 7.6909642219543457031 11.10652923583984375 10.627188682556152344 7.7436723709106445313 7.3850183486938476563 7.6183419227600097656 7.9029774665832519531 8.8857736587524414063 7.6208615303039550781 6.3452997207641601563 6.5050415992736816406 6.0789356231689453125 7.0659761428833007813 6.0071401596069335938 6.8516149520874023438 8.2901601791381835938 8.1056966781616210938 7.257080078125 6.344249725341796875 6.6908230781555175781 8.3529415130615234375 8.645294189453125 7.0250506401062011719 7.5544338226318359375 8.077117919921875 6.9258251190185546875 6.9258251190185546875 6.6908230781555175781 6.2479076385498046875 5.8430151939392089844 6.597064971923828125 6.1211061477661132813 7.4063382148742675781 10.723692893981933594
7.3839702606201171875 7.4652299880981445313 6.3832302093505859375 7.5074005126953125 6.2035431861877441406 8.1600494384765625 9.0961761474609375 12.502161026000976563 10.445208549499511719 8.542629241943359375 8.0781660079956054688 8.3485765457153320313 8.1906518936157226563 9.1089010238647460938 7.9029679298400878906 6.8657813072204589844 6.6319317817687988281 7.2527880668640136719 6.8516149520874023438 6.5501170158386230469 7.6342020034790039063 6.7264370918273925781 7.65633392333984375 6.2035431861877441406 6.5792512893676757813 7.965545654296875 7.6487293243408203125 6.3139371871948242188 6.8305149078369140625 7.0250506401062011719 6.9062147140502929688 7.4955420494079589844 6.8516149520874023438 6.6908230781555175781 6.344249725341796875 5.9250850677490234375 6.6291613578796386719 7.4818425178527832031 11.193001747131347656 6.9208498001098632813
8.1886892318725585938 6.9062147140502929688 7.2882013320922851563 6.7366070747375488281 8.640674591064453125 6.6778368949890136719 9.5710535049438476563 12.808013916015625 7.4968428611755371094 8.5426921844482421875 8.0781660079956054688 8.3485889434814453125 8.1893453598022460938 9.5557718276977539063 8.2377290725708007813 6.0791668891906738281 6.5501170158386230469 7.0900769233703613281 7.4955420494079589844 7.7305440902709960938 6.9840917587280273438 5.8861041069030761719 6.9651060104370117188 6.2909445762634277344 8.0048265457153320313 6.9062147140502929688 7.118656158447265625 7.0373969078063964844 6.4480690956115722656 6.2909445762634277344 7.1729731559753417969 6.5792512893676757813 7.1489686965942382813 7.1489686965942382813 7.0070843696594238281 7.4652299880981445313 7.6566596031188964844 11.414546966552734375 7.1174221038818359375 6.7298040390014648438
6.9062147140502929688 6.4480690956115722656 7.3268346786499023438 8.218658447265625 9.1986265182495117188 6.6916108131408691406 11.258334159851074219 7.1476569175720214844 8.3509950637817382813 7.1195816993713378906 6.7733182907104492188 7.5544333457946777344 8.0575075149536132813 6.6326317787170410156 9.4644622802734375 6.6609125137329101563 6.1211061477661132813 7.3250789642333984375 8.2475805282592773438 6.6784768104553222656 6.3139371871948242188 6.2479076385498046875 6.0752725601196289063 6.1332526206970214844 6.6908230781555175781 6.9258251190185546875 7.6189723014831542969 7.9502272605895996094 8.0182256698608398438 8.0063676834106445313 9.4296655654907226563 9.75052642822265625 10.124810218811035156 10.3779754638671875 11.407565116882324219 10.915917396545410156 10.733513832092285156 11.314063072204589844 7.3818721771240234375 10.702175140380859375
6.4558215141296386719 6.4480690956115722656 6.3908243179321289063 9.3053216934204101563 9.8276319503784179688 6.8521571159362792969 11.121640205383300781 7.965545654296875 7.7770891189575195313 7.0831804275512695313 6.344249725341796875 5.9443712234497070313 6.486011505126953125 8.181583404541015625 10.584992408752441406 6.2281703948974609375 7.4229512214660644531 7.5993618965148925781 6.4558215141296386719 6.2035431861877441406 6.802394866943359375 6.6319317817687988281 6.7298040390014648438 7.1420717239379882813 7.9536876678466796875 8.4702367782592773438 8.7483053207397460938 9.0052661895751953125 9.7419862747192382813 9.545848846435546875 9.2215137481689453125 9.2978115081787109375 9.9370851516723632813 11.526053428649902344 6.8507103919982910156 6.8305149078369140625 6.5672636032104492188 6.2134709358215332031 10.147813796997070313 8.2901601791381835938
6.2130675315856933594 6.2130675315856933594 7.02498626708984375 9.2135753631591796875 9.573024749755859375 7.252384185791015625 11.067887306213378906 8.2901601791381835938 7.2701811790466308594 6.7366070747375488281 6.2326779365539550781 6.1211061477661132813 5.5271844863891601563 6.4221334457397460938 10.298750877380371094 8.8286314010620117188 7.8225054740905761719 6.7298040390014648438 6.743503570556640625 7.287628173828125 5.9039177894592285156 6.5050415992736816406 7.3839702606201171875 6.2326779365539550781 6.1541757583618164063 7.1729731559753417969 7.9016633033752441406 9.4496068954467773438 7.1476569175720214844 9.7147455215454101563 6.0434598922729492188 7.5797514915466308594 8.3940582275390625 10.702175140380859375 7.0379204750061035156 6.3319034576416015625 6.5007495880126953125 7.5797514915466308594 9.10498046875 7.56629180908203125
6.1332526206970214844 6.0200438499450683594 7.5074005126953125 6.2035431861877441406 9.5999736785888671875 10.911821365356445313 8.7879285812377929688 7.2078599929809570313 6.6182322502136230469 5.9673638343811035156 6.4480690956115722656 6.7720828056335449219 6.3051905632019042969 6.7720828056335449219 6.2035431861877441406 10.845109939575195313 8.7124233245849609375 7.23233795166015625 7.5768017768859863281 5.7160854339599609375 6.4461498260498046875 6.3139371871948242188 7.2527880668640136719 6.4480690956115722656 6.8647160530090332031 7.4955420494079589844 8.1909265518188476563 9.1062803268432617188 11.608580589294433594 6.8507103919982910156 7.257080078125 6.7298040390014648438 8.6157436370849609375 8.21804046630859375 8.9319620132446289063 6.6908230781555175781 6.5792512893676757813 8.4292774200439453125 7.8124041557312011719 7.0468606948852539063
5.9673638343811035156 5.9586172103881835938 7.7988996505737304688 6.0332899093627929688 11.195414543151855469 9.09808349609375 7.2701811790466308594 6.6846117973327636719 5.9360141754150390625 6.0789356231689453125 6.4480690956115722656 6.5893526077270507813 5.774532318115234375 6.43854522705078125 7.2078599929809570313 6.4807729721069335938 11.444413185119628906 8.2403936386108398438 6.6634607315063476563 7.201648712158203125 6.3682541847229003906 6.2277026176452636719 6.5792512893676757813 7.1489686965942382813 6.344249725341796875 7.1729731559753417969 8.0273494720458984375 10.383383750915527344 8.5226812362670898438 7.2495632171630859375 6.5501170158386230469 8.7175846099853515625 6.743503570556640625 7.311679840087890625 8.3291406631469726563 6.2427792549133300781 6.9062147140502929688 7.8640751838684082031 7.4938092231750488281 6.3900332450866699219
5.6867160797119140625 5.8737578392028808594 6.7366070747375488281 11.046766281127929688 8.9856557846069335938 5.9976758956909179688 6.0071401596069335938 6.0071401596069335938 6.6908230781555175781 6.743503570556640625 6.0752725601196289063 6.1211061477661132813 6.5007495880126953125 6.8516149520874023438 5.9250850677490234375 6.2277545928955078125 10.927886009216308594 8.7971630096435546875 8.6109628677368164063 6.7006411552429199219 6.3364973068237304688 6.1332526206970214844 7.1734032630920410156 6.6918735504150390625 8.2375469207763671875 8.96930694580078125 9.6998920440673828125 6.9097375869750976563 8.2488889694213867188 8.63707733154296875 9.6502780914306640625 6.9247756004333496094 6.9258251190185546875 7.5447621345520019531 6.660511016845703125 6.5742764472961425781 5.72869873046875 7.4038028717041015625 6.9840917587280273438 5.8664937019348144531
5.6511025428771972656 5.9013338088989257813 7.5074005126953125 11.19673919677734375 9.0277395248413085938 7.2224760055541992188 6.5944809913635253906 7.118656158447265625 7.1489686965942382813 6.6908230781555175781 5.8664937019348144531 6.4676795005798339844 5.6867160797119140625 5.5894408226013183594 7.0311856269836425781 7.0962882041931152344 10.491274833679199219 9.6352624893188476563 6.2479076385498046875 7.6691641807556152344 7.57639312744140625 7.7002315521240234375 7.1180348396301269531 7.7358069419860839844 9.9059629440307617188 6.9052057266235351563 8.3002614974975585938 6.6916108131408691406 7.2832498550415039063 8.1169500350952148438 8.9104156494140625 7.8394913673400878906 6.9258251190185546875 7.1729731559753417969 6.0752725601196289063 6.1014957427978515625 7.0659761428833007813 6.5293288230895996094 6.5742764472961425781 6.1014957427978515625
5.8664937019348144531 5.9039177894592285156 7.8932552337646484375 11.407313346862792969 7.9502272605895996094 5.9039177894592285156 7.3839702606201171875 7.4366507530212402344 7.0962882041931152344 5.8664937019348144531 6.43854522705078125 6.7886953353881835938 5.5922107696533203125 6.1793727874755859375 7.4305157661437988281 7.4652299880981445313 10.726276397705078125 7.141216278076171875 8.6084089279174804688 7.3097605705261230469 7.2723984718322753906 7.4955420494079589844 7.9431233406066894531 7.7326369285583496094 8.0797357559204101563 7.2523822784423828125 7.9502272605895996094 6.6908230781555175781 6.4480690956115722656 6.5508103370666503906 6.8521571159362792969 8.1873769760131835938 7.8421158790588378906 7.7305440902709960938 6.802394866943359375 7.7305440902709960938 7.4955420494079589844 6.7720828056335449219 6.4798259735107421875 6.2909445762634277344
6.4558215141296386719 6.9410548210144042969 11.445825576782226563 8.2778139114379882813 6.0434598922729492188 7.6071138381958007813 7.6597943305969238281 7.4063382148742675781 6.0071401596069335938 6.5792512893676757813 6.8440103530883789063 7.0763773918151855469 5.6433501243591308594 6.3319034576416015625 6.9847164154052734375 10.824796676635742188 7.4125494956970214844 8.9709606170654296875 7.0025300979614257813 6.3051905632019042969 5.9039177894592285156 6.2853579521179199219 6.6312317848205566406 7.11927032470703125 7.0400156974792480469 7.2535953521728515625 7.4366507530212402344 7.0900769233703613281 6.4480690956115722656 6.5050415992736816406 6.6908230781555175781 6.9062147140502929688 8.7293300628662109375 7.5460300445556640625 6.4487156867980957031 6.5050415992736816406 6.6908230781555175781 6.9062147140502929688 7.4955420494079589844 7.2527880668640136719
6.344249725341796875 7.8284163475036621094 11.963603019714355469 6.9208498001098632813 7.7591233253479003906 7.6854205131530761719 7.5538091659545898438 6.6908230781555175781 6.0332899093627929688 5.9250850677490234375 7.6728887557983398438 7.4759316444396972656 6.5293288230895996094 5.8875064849853515625 8.0091619491577148438 11.109584808349609375 9.2274045944213867188 7.4897489547729492188 6.5669050216674804688 5.6237401962280273438 6.5007495880126953125 6.7400431632995605469 6.7946429252624511719 6.5050415992736816406 7.7305440902709960938 7.7305440902709960938 6.7298040390014648438 6.1373677253723144531 6.6609125137329101563 6.9068202972412109375 7.2725033760070800781 8.3121194839477539063 7.1502809524536132813 9.4500131607055664063 6.7305130958557128906 7.7894353866577148438 7.2723984718322753906 7.1489686965942382813 6.5893526077270507813 6.9062147140502929688
6.3319034576416015625 6.5792512893676757813 12.073319435119628906 8.2839488983154296875 6.1332526206970214844 8.443523406982421875 7.0429835319519042969 5.9703135490417480469 5.9360141754150390625 7.0839419364929199219 8.1886892318725585938 6.344249725341796875 8.1056966781616210938 8.6574125289916992188 9.7693815231323242188 12.044290542602539063 9.9950208663940429688 7.4692745208740234375 6.0752725601196289063 6.8535342216491699219 6.741962432861328125 6.9236078262329101563 6.5792512893676757813 6.7400431632995605469 6.5050415992736816406 6.3900332450866699219 6.7400431632995605469 6.5893526077270507813 6.8268299102783203125 8.3002614974975585938 8.909488677978515625 6.9258251190185546875 8.6977720260620117188 9.553356170654296875 8.7584056854248046875 7.118656158447265625 8.3392419815063476563 7.1489686965942382813 7.1489686965942382813 7.141216278076171875
6.2130675315856933594 6.3139371871948242188 11.77774810791015625 7.0070843696594238281 8.7780170440673828125 7.5074005126953125 6.7131910324096679688 6.0434598922729492188 6.802394866943359375 8.5694646835327148438 6.344249725341796875 6.7720828056335449219 7.6204504966735839844 7.1280026435852050781 10.635366439819335938 16.834520339965820313 7.9088888168334960938 6.8694281578063964844 6.5501170158386230469 8.07916259765625 8.0186710357666015625 7.6487293243408203125 7.0659761428833007813 6.5868082046508789063 6.0332899093627929688 5.8737578392028808594 6.486011505126953125 7.0572295188903808594 8.1593570709228515625 7.0358233451843261719 6.6900362968444824219 8.3714189529418945313 8.7113733291625976563 9.6242036819458007813 6.8516149520874023438 7.2723984718322753906 8.46947479248046875 7.4366507530212402344 7.5466814041137695313 8.2901601791381835938
5.9976758956909179688 6.8142533302307128906 11.446785926818847656 8.8936948776245117188 7.6071138381958007813 7.0962882041931152344 6.6908230781555175781 6.0434598922729492188 6.1092476844787597656 8.8095455169677734375 6.7684197425842285156 6.4480690956115722656 7.0391831398010253906 10.534673690795898438 8.5337152481079101563 13.362321853637695313 8.5420560836791992188 6.5081448554992675781 6.5792512893676757813 9.2810907363891601563 6.4676795005798339844 6.0434598922729492188 7.311679840087890625 5.8118944168090820313 6.3168873786926269531 6.2466206550598144531 6.8006620407104492188 7.3934345245361328125 8.1056966781616210938 6.2909445762634277344 6.7684197425842285156 8.24068450927734375 8.368793487548828125 9.0811204910278320313 6.3832302093505859375 7.8661203384399414063 9.2206583023071289063 7.6716523170471191406 8.7988443374633789063 7.3312902450561523438
