data/twi.asc
ncols        95
nrows        77
xllcorner    639958.572799999965
yllcorner    6699796.106700000353
cellsize     30.000000000000
NODATA_value  -1
[rows 36 to 53 of 77, columns 0 to 39 of 95]
6.6908230781555175781 7.1489686965942382813 7.3839702606201171875 7.8421158790588378906 6.9062147140502929688 6.6319317817687988281 6.4798259735107421875 7.1729731559753417969 6.2479076385498046875 9.1335773468017578125 9.1237850189208984375 6.6521587371826171875 6.0332899093627929688 7.0659761428833007813 7.545452117919921875 7.0025300979614257813 6.0071401596069335938 6.1715688705444335938 7.3021554946899414063 6.802394866943359375 6.6291613578796386719 6.5792512893676757813 6.5596408843994140625 5.8861041069030761719 6.2825880050659179688 5.3695120811462402344 6.1404767036437988281 6.8006620407104492188 7.9893698692321777344 8.1809368133544921875 8.0833292007446289063 8.0933790206909179688 9.4340410232543945313 13.289666175842285156 8.9414930343627929688 7.1435194015502929688 6.9847164154052734375 6.6634607315063476563 5.8664937019348144531 6.9797415733337402344
7.1489686965942382813 6.6908230781555175781 6.7720828056335449219 6.5501170158386230469 7.5241212844848632813 7.141216278076171875 6.4480690956115722656 6.1895890235900878906 6.9555821418762207031 7.6568045616149902344 10.369601249694824219 6.3324151039123535156 7.0070843696594238281 6.2035431861877441406 8.5864019393920898438 6.597064971923828125 5.8430151939392089844 6.6291613578796386719 5.9673638343811035156 7.6582531929016113281 6.8440103530883789063 6.802394866943359375 6.7886953353881835938 6.3969297409057617188 5.5785112380981445313 6.7298040390014648438 5.8664937019348144531 7.6956772804260253906 6.5361623764038085938 6.9797415733337402344 7.3223085403442382813 8.4688673019409179688 7.8321204185485839844 8.6408624649047851563 14.052050590515136719 7.6164684295654296875 7.0435228347778320313 5.8272128105163574219 6.35530853271484375 7.0883440971374511719
7.2723984718322753906 6.4480690956115722656 6.3832302093505859375 6.9785051345825195313 7.9994711875915527344 6.5501170158386230469 7.4366507530212402344 6.6517643928527832031 7.1791586875915527344 8.1237268447875976563 10.611548423767089844 6.5499186515808105469 7.6778635978698730469 6.3900332450866699219 6.8516149520874023438 8.6933803558349609375 7.2600522041320800781 6.0789356231689453125 6.2909445762634277344 6.8827362060546875 8.3815202713012695313 7.3223085403442382813 7.2527880668640136719 6.9347939491271972656 5.6751070022583007813 6.6517643928527832031 7.9364113807678222656 6.2909445762634277344 6.4777808189392089844 7.1149930953979492188 8.0238122940063476563 7.5030989646911621094 6.4872584342956542969 5.8100981712341308594 7.6164684295654296875 18.982631683349609375 6.4484095573425292969 6.6182322502136230469 6.8440103530883789063 7.3937883377075195313
6.3830881118774414063 6.8660640716552734375 6.867328643798828125 6.4508557319641113281 9.118099212646484375 7.1489686965942382813 7.4886455535888671875 7.9162235260009765625 5.9013338088989257813 8.7359333038330078125 10.098127365112304688 6.7264370918273925781 5.9914646148681640625 7.3250789642333984375 6.7366070747375488281 9.404979705810546875 6.8827362060546875 6.1211061477661132813 6.1014957427978515625 6.7684197425842285156 7.3465199470520019531 9.0912809371948242188 7.9003825187683105469 6.1541757583618164063 7.5680551528930664063 7.5466814041137695313 7.2527880668640136719 6.802394866943359375 6.0434598922729492188 6.8440103530883789063 6.5181427001953125 6.6517643928527832031 6.0468959808349609375 7.0659761428833007813 8.6672220230102539063 7.5474767684936523438 13.3388214111328125 12.701898574829101563 8.0396671295166015625 7.8124041557312011719
8.7482976913452148438 8.596775054931640625 7.9055924415588378906 9.2340707778930664063 7.2581858634948730469 7.436649322509765625 7.0763773918151855469 5.9250850677490234375 8.1011419296264648438 6.8142533302307128906 8.5601787567138671875 9.7362518310546875 6.4839410781860351563 7.4759316444396972656 7.2701811790466308594 9.6669454574584960938 6.2909445762634277344 6.5792512893676757813 6.3051905632019042969 6.7106556892395019531 7.2723984718322753906 9.0153675079345703125 8.1056966781616210938 6.2909445762634277344 7.0250506401062011719 9.10498046875 6.8516149520874023438 7.1489686965942382813 7.371623992919921875 6.1584677696228027344 6.0752725601196289063 6.2035431861877441406 7.141216278076171875 8.92441558837890625 6.6908230781555175781 7.2882013320922851563 6.344249725341796875 6.9359264373779296875 12.764622688293457031 12.921425819396972656
10.370349884033203125 10.272075653076171875 8.551021575927734375 8.550991058349609375 10.302336692810058594 10.022496223449707031 6.344249725341796875 7.2527880668640136719 5.8664937019348144531 8.4050350189208984375 8.7606258392333984375 10.216080665588378906 7.0903687477111816406 7.8386554718017578125 9.468791961669921875 6.0332899093627929688 5.8811292648315429688 7.059764862060546875 6.6964097023010253906 7.0900769233703613281 8.9182806015014648438 6.2479076385498046875 8.5251617431640625 7.141216278076171875 6.5050415992736816406 9.5648822784423828125 6.9062147140502929688 7.4955420494079589844 7.2527880668640136719 7.0900769233703613281 7.2701811790466308594 7.9459352493286132813 9.1150665283203125 6.4480690956115722656 6.6908230781555175781 6.7684197425842285156 7.5074005126953125 7.9791998863220214844 8.39337921142578125 9.2960681915283203125
8.0036163330078125 6.9280366897583007813 8.5689296722412109375 7.6237025260925292969 9.2014980316162109375 9.5143480300903320313 9.5612840652465820313 9.3908205032348632813 9.5300550460815429688 9.6562433242797851563 9.9657144546508789063 11.446785926818847656 12.015568733215332031 8.291423797607421875 9.338947296142578125 6.4811139106750488281 6.5206551551818847656 7.4216489791870117188 7.354213714599609375 9.462085723876953125 6.8305149078369140625 6.3319034576416015625 7.0900769233703613281 8.6586933135986328125 9.4500131607055664063 6.6319317817687988281 7.8284163475036621094 7.118656158447265625 7.1489686965942382813 6.4480690956115722656 7.0900769233703613281 6.344249725341796875 8.1886892318725585938 6.5501170158386230469 6.0789356231689453125 6.1211061477661132813 6.7946429252624511719 7.6487293243408203125 8.2172689437866210938 10.108928680419921875
7.1489686965942382813 6.6327729225158691406 8.0925798416137695313 6.4511871337890625 8.0786848068237304688 6.9064159393310546875 8.2778139114379882813 6.5868082046508789063 7.0296444892883300781 7.8371405601501464844 5.5385441780090332031 6.8596844673156738281 6.1894445419311523438 11.1555633544921875 11.545520782470703125 11.555604934692382813 6.3833842277526855469 7.4129815101623535156 10.261996269226074219 7.6887149810791015625 7.3839702606201171875 6.3319034576416015625 6.4798259735107421875 6.9062147140502929688 9.5867815017700195313 7.8129811286926269531 6.8516149520874023438 6.2035431861877441406 6.3832302093505859375 7.2824997901916503906 7.8706951141357421875 8.0647716522216796875 6.6784768104553222656 6.3832302093505859375 6.0794787406921386719 6.479946136474609375 8.1876554489135742188 6.5792512893676757813 6.5181427001953125 9.3834018707275390625
7.3839702606201171875 6.6319317817687988281 8.1886892318725585938 6.6908230781555175781 7.2824997901916503906 8.6979742050170898438 6.5501170158386230469 7.0962882041931152344 7.0296444892883300781 5.4350085258483886719 5.4431886672973632813 5.6207900047302246094 5.6734704971313476563 7.0363626480102539063 8.4793491363525390625 8.5401468276977539063 12.614230155944824219 12.1187591552734375 10.870328903198242188 8.5288648605346679688 6.3332910537719726563 6.2035431861877441406 5.9250850677490234375 6.5669050216674804688 9.368560791015625 8.0045261383056640625 5.8430151939392089844 7.0025300979614257813 6.1541757583618164063 6.6784768104553222656 6.9258251190185546875 6.6908230781555175781 6.5050415992736816406 7.2197184562683105469 6.7378125190734863281 8.293315887451171875 8.1787261962890625 6.344249725341796875 6.0436391830444335938 9.7737569808959960938
5.8861041069030761719 7.0070843696594238281 7.7770891189575195313 6.6908230781555175781 7.1489686965942382813 7.7894353866577148438 7.371623992919921875 7.0070843696594238281 5.9703135490417480469 6.2622876167297363281 6.5671763420104980469 7.0115156173706054688 8.28252410888671875 8.5090932846069335938 9.3289327621459960938 10.94582366943359375 7.1216330528259277344 6.9148526191711425781 12.798297882080078125 9.0382585525512695313 6.5522837638854980469 6.8473229408264160156 6.597064971923828125 7.0025300979614257813 6.0332899093627929688 9.7104578018188476563 7.5482225418090820313 6.6634607315063476563 6.7684197425842285156 6.2909445762634277344 6.344249725341796875 7.0070843696594238281 7.1489686965942382813 6.1211061477661132813 7.7650704383850097656 9.1753025054931640625 9.6734819412231445313 6.6319317817687988281 6.9366765022277832031 9.8486146926879882813
5.8430151939392089844 6.0752725601196289063 7.2432641983032226563 6.9258251190185546875 6.6908230781555175781 7.1489686965942382813 7.2527880668640136719 6.6908230781555175781 6.344249725341796875 6.2023653984069824219 6.6908230781555175781 7.8408675193786621094 5.4350085258483886719 6.0089445114135742188 6.6897125244140625 8.0194101333618164063 10.302659034729003906 10.812107086181640625 11.924771308898925781 13.0089263916015625 7.0888319015502929688 6.4480690956115722656 7.4125494956970214844 8.13600921630859375 7.1729731559753417969 10.367356300354003906 8.629558563232421875 7.3839702606201171875 6.7366070747375488281 5.9250850677490234375 5.9250850677490234375 7.3934345245361328125 6.1211061477661132813 7.2359800338745117188 6.3910355567932128906 7.7294898033142089844 8.4184741973876953125 9.0746679306030273438 9.0770120620727539063 8.6455488204956054688
6.1332526206970214844 6.2130675315856933594 6.4480690956115722656 6.6319317817687988281 6.4480690956115722656 6.8516149520874023438 7.118656158447265625 6.6319317817687988281 6.802394866943359375 5.6867160797119140625 6.0023856163024902344 6.5265712738037109375 5.4729213714599609375 6.0063443183898925781 6.0844807624816894531 6.3934698104858398438 7.661285400390625 7.5595693588256835938 9.2347345352172851563 14.360174179077148438 13.084931373596191406 12.350305557250976563 12.357250213623046875 12.62774658203125 8.0273494720458984375 10.74597930908203125 6.9072246551513671875 8.0647716522216796875 7.2701811790466308594 6.6291613578796386719 6.5742764472961425781 5.8664937019348144531 7.7168445587158203125 6.0434598922729492188 7.9992551803588867188 7.0883288383483886719 7.4349026679992675781 7.6189723014831542969 8.352207183837890625 8.07501983642578125
6.0789356231689453125 6.0332899093627929688 5.9976758956909179688 6.7400431632995605469 6.8263998031616210938 7.8661203384399414063 7.0250506401062011719 6.2479076385498046875 7.4366507530212402344 6.4480690956115722656 5.7323617935180664063 5.6867160797119140625 5.774532318115234375 5.5333194732666015625 5.5271844863891601563 7.0866169929504394531 6.4480690956115722656 7.2807016372680664063 6.3403668403625488281 8.24887847900390625 8.6362705230712890625 8.4118328094482421875 8.59415435791015625 8.8746471405029296875 13.176728248596191406 11.053020477294921875 6.8521571159362792969 6.6326317787170410156 8.5283994674682617188 7.4142131805419921875 6.1569986343383789063 7.5430231094360351563 8.2613878250122070313 6.3445119857788085938 8.4626722335815429688 6.3832302093505859375 6.4798259735107421875 6.8516149520874023438 7.8447403907775878906 7.7305440902709960938
5.774532318115234375 5.784633636474609375 6.9347939491271972656 6.7298040390014648438 7.4366507530212402344 8.9996194839477539063 6.9208498001098632813 6.743503570556640625 6.2035431861877441406 6.4480690956115722656 6.1584677696228027344 5.7232542037963867188 5.7549219131469726563 6.4310545921325683594 6.9651060104370117188 6.0503563880920410156 6.5115489959716796875 5.6951766014099121094 6.037082672119140625 8.3818616867065429688 8.9268865585327148438 11.008311271667480469 11.148644447326660156 11.05846405029296875 11.408170700073242188 14.646750450134277344 7.7893462181091308594 6.85668182373046875 9.5187005996704101563 9.8714895248413085938 13.43834686279296875 13.681054115295410156 13.808856964111328125 13.457571983337402344 13.234151840209960938 7.1729731559753417969 6.8647160530090332031 7.3312902450561523438 6.5590353012084960938 6.6773252487182617188
5.6605663299560546875 5.7530026435852050781 5.8118944168090820313 7.6294817924499511719 7.3263149261474609375 9.0219879150390625 7.0962882041931152344 6.5293288230895996094 5.9039177894592285156 6.7400431632995605469 5.8861041069030761719 6.2130675315856933594 6.3243389129638671875 5.8076024055480957031 6.1895890235900878906 7.2527880668640136719 6.4480690956115722656 6.5028910636901855469 7.6847105026245117188 7.1489686965942382813 10.622456550598144531 8.2312679290771484375 7.5074005126953125 6.0204558372497558594 7.524139404296875 8.8255615234375 13.608633041381835938 13.483670234680175781 13.280141830444335938 13.292445182800292969 6.8583121299743652344 10.332367897033691406 10.468568801879882813 10.418118476867675781 10.369601249694824219 13.092740058898925781 8.11447906494140625 7.9003825187683105469 6.1541757583618164063 6.802394866943359375
5.7003226280212402344 5.7453980445861816406 6.8914766311645507813 5.9443712234497070313 7.9291272163391113281 9.1484279632568359375 7.354213714599609375 6.9108233451843261719 7.2293095588684082031 5.8811292648315429688 5.8569698333740234375 6.719402313232421875 7.4668664932250976563 6.8603143692016601563 7.1210198402404785156 6.3170819282531738281 6.4489521980285644531 6.7943601608276367188 6.344249725341796875 10.7089996337890625 7.9459352493286132813 6.6182322502136230469 5.9387845993041992188 7.0572295188903808594 6.9922733306884765625 9.5823459625244140625 7.274494171142578125 6.8913111686706542969 7.4768376350402832031 7.4654612541198730469 7.8429555892944335938 9.5055360794067382813 7.2091689109802246094 6.0754256248474121094 6.6517643928527832031 7.2197184562683105469 13.105605125427246094 8.71905517578125 7.1734895706176757813 7.4153151512145996094
5.6867160797119140625 5.8272128105163574219 5.9443712234497070313 7.461566925048828125 8.1817922592163085938 9.2957468032836914063 10.491274833679199219 7.8951458930969238281 6.0789356231689453125 6.6784768104553222656 6.1211061477661132813 5.8569698333740234375 6.4218459129333496094 8.101215362548828125 9.3659992218017578125 10.807496070861816406 10.856014251708984375 10.438014030456542969 10.872939109802246094 7.8661203384399414063 6.1715688705444335938 6.1541757583618164063 6.8263998031616210938 6.8305149078369140625 9.3298807144165039063 7.8173489570617675781 6.6784768104553222656 6.278461456298828125 7.0115156173706054688 6.8006620407104492188 7.2135071754455566406 9.1819410324096679688 6.6291613578796386719 5.9250850677490234375 7.0814709663391113281 7.5241212844848632813 6.0758471488952636719 13.376295089721679688 13.849153518676757813 6.8694915771484375
5.6734704971313476563 6.1014957427978515625 6.9062147140502929688 7.7305440902709960938 8.2879152297973632813 8.4707479476928710938 10.861227989196777344 8.4697246551513671875 6.9359264373779296875 7.2527880668640136719 6.3139371871948242188 6.7298040390014648438 7.0025300979614257813 7.4987626075744628906 10.291022300720214844 6.932415008544921875 8.2398920059204101563 8.3520708084106445313 9.4906721115112304688 6.6908230781555175781 7.6189723014831542969 6.9258251190185546875 6.4255089759826660156 9.6097745895385742188 7.65633392333984375 6.4310545921325683594 6.3489594459533691406 5.774532318115234375 6.9105067253112792969 6.5050415992736816406 7.0025300979614257813 9.30499267578125 6.1014957427978515625 7.0572295188903808594 5.6867160797119140625 7.2302279472351074219 7.6916251182556152344 7.9254422187805175781 8.9338350296020507813 13.75506591796875
