data/twi.asc
ncols        95
nrows        77
xllcorner    639958.572799999965
yllcorner    6699796.106700000353
cellsize     30.000000000000
NODATA_value  -1
[rows 36 to 53 of 77, columns 40 to 79 of 95]
6.1014957427978515625 5.9250850677490234375 7.5993618965148925781 7.2832498550415039063 11.753516197204589844 7.0077638626098632813 7.5074005126953125 7.3263149261474609375 6.7400431632995605469 6.0366568565368652344 6.3969297409057617188 7.2824997901916503906 7.7770891189575195313 6.2909445762634277344 6.344249725341796875 6.5596408843994140625 9.5867815017700195313 9.3873395919799804688 7.6460947990417480469 5.9443712234497070313 6.8612866401672363281 6.793788909912109375 7.6854205131530761719 7.0689258575439453125 6.9236078262329101563 7.9813485145568847656 7.0763773918151855469 6.4798259735107421875 7.0250506401062011719 7.6716523170471191406 7.8960175514221191406 8.637256622314453125 9.8236646652221679688 15.755906105041503906 8.8498477935791015625 11.73529815673828125 10.895333290100097656 6.9385590553283691406 5.5665173530578613281 4.5425205230712890625
6.0468959808349609375 6.5868082046508789063 6.8305149078369140625 8.4958286285400390625 11.473912239074707031 8.2839479446411132813 7.5236620903015136719 7.311679840087890625 6.8263998031616210938 6.8263998031616210938 6.4480690956115722656 6.7720828056335449219 6.9258251190185546875 6.4480690956115722656 7.0763773918151855469 6.3832302093505859375 6.8647160530090332031 7.0346264839172363281 9.6176137924194335938 7.9250121116638183594 6.5792512893676757813 7.33066558837890625 7.7990269660949707031 8.021183013916015625 8.3955717086791992188 8.7528581619262695313 7.5816683769226074219 7.1747326850891113281 6.5792512893676757813 6.3900332450866699219 8.3528089523315429688 15.186719894409179688 15.790903091430664063 12.411271095275878906 7.6339120864868164063 11.019805908203125 10.310190200805664063 7.3394021987915039063 6.2730116844177246094 5.6760187149047851563
5.6207900047302246094 5.5922107696533203125 7.4213318824768066406 6.1014957427978515625 11.11795806884765625 7.7990269660949707031 7.4063382148742675781 7.0962882041931152344 7.0429835319519042969 6.6517643928527832031 6.2853579521179199219 7.371623992919921875 6.8516149520874023438 7.6487293243408203125 6.344249725341796875 7.7305440902709960938 6.2035431861877441406 5.9250850677490234375 6.6784768104553222656 9.6624546051025390625 7.9162235260009765625 7.2882013320922851563 6.3900332450866699219 8.100086212158203125 8.1809368133544921875 9.5057659149169921875 10.515438079833984375 6.7783794403076171875 6.85359954833984375 7.9498648643493652344 14.968293190002441406 7.1515889167785644531 10.218756675720214844 12.275364875793457031 7.3834414482116699219 11.440431594848632813 10.339999198913574219 7.4759316444396972656 6.376102447509765625 5.7540683746337890625
6.3177766799926757813 6.27410888671875 7.6215686798095703125 10.923015594482421875 6.2909445762634277344 8.5504922866821289063 7.461566925048828125 7.3839702606201171875 5.9443712234497070313 7.2799553871154785156 7.23186492919921875 6.6319317817687988281 6.9258251190185546875 6.5792512893676757813 7.6716523170471191406 6.3900332450866699219 7.9953026771545410156 8.0468053817749023438 5.9673638343811035156 5.9039177894592285156 9.5113439559936523438 8.2925090789794921875 7.965545654296875 7.99266815185546875 7.9010071754455566406 8.348453521728515625 9.821384429931640625 11.573960304260253906 12.774433135986328125 16.107793807983398438 7.4349026679992675781 9.75894927978515625 7.7326359748840332031 12.006402015686035156 11.553086280822753906 11.611036300659179688 7.1502771377563476563 9.400585174560546875 6.2189784049987792969 5.4859447479248046875
7.3960576057434082031 8.1429452896118164063 11.561279296875 6.6376700401306152344 8.9349918365478515625 6.3447747230529785156 8.4451322555541992188 6.7684197425842285156 7.5680551528930664063 7.2799553871154785156 6.743503570556640625 6.344249725341796875 7.0900769233703613281 6.2130675315856933594 6.8305149078369140625 8.0652589797973632813 6.2479076385498046875 5.9039177894592285156 8.1763429641723632813 6.5050415992736816406 6.9105067253112792969 9.876628875732421875 8.927028656005859375 6.5501170158386230469 6.1541757583618164063 7.2775559425354003906 12.103639602661132813 12.410253524780273438 8.5205507278442382813 16.410295486450195313 9.7962646484375 8.02443695068359375 6.8521556854248046875 11.619388580322265625 10.80876922607421875 6.7315030097961425781 10.693944931030273438 9.2389202117919921875 6.7091226577758789063 6.1122951507568359375
14.132721900939941406 14.134824752807617188 14.158067703247070313 18.815279006958007813 14.119562149047851563 13.409573554992675781 6.3844366073608398438 8.2389926910400390625 7.5801553726196289063 6.9922733306884765625 6.6517643928527832031 6.0789356231689453125 7.1455082893371582031 5.9703135490417480469 7.4877901077270507813 6.2853579521179199219 7.8421158790588378906 6.486011505126953125 6.9347939491271972656 8.2716531753540039063 8.3279218673706054688 7.4886760711669921875 10.284008026123046875 6.4265856742858886719 7.4890046119689941406 11.699110031127929688 8.434299468994140625 7.3940362930297851563 15.261063575744628906 9.2036218643188476563 6.8532848358154296875 7.6189723014831542969 6.9072246551513671875 11.331118583679199219 10.1891632080078125 8.240474700927734375 7.5993618965148925781 9.9566488265991210938 8.5977611541748046875 6.1281557083129882813
8.566070556640625 7.1804642677307128906 8.294708251953125 6.7770199775695800781 8.6453571319580078125 9.3293666839599609375 13.767270088195800781 9.47025299072265625 7.5079464912414550781 7.1489686965942382813 6.7131910324096679688 6.0789356231689453125 6.1014957427978515625 7.8129811286926269531 6.3900332450866699219 7.9233751296997070313 6.743503570556640625 7.8902812004089355469 8.1229009628295898438 8.51819610595703125 8.5009641647338867188 9.3544139862060546875 11.000921249389648438 11.469768524169921875 11.694637298583984375 11.951151847839355469 8.5226659774780273438 16.392126083374023438 10.444239616394042969 8.7019214630126953125 7.1204028129577636719 7.436649322509765625 11.829355239868164063 8.7169542312622070313 9.837245941162109375 7.8343634605407714844 7.8371405601501464844 7.0572295188903808594 9.968135833740234375 8.9424610137939453125
8.3428401947021484375 6.3832302093505859375 7.8343634605407714844 7.7312440872192382813 6.7307972908020019531 6.5054030418395996094 13.454912185668945313 10.095263481140136719 7.7257375717163085938 7.2001080513000488281 6.6908230781555175781 6.0789356231689453125 6.8647160530090332031 8.1056966781616210938 6.4480690956115722656 7.141216278076171875 8.1056966781616210938 8.4451322555541992188 6.2909445762634277344 6.8647160530090332031 7.1455082893371582031 5.9267854690551757813 8.4532079696655273438 9.813060760498046875 9.928646087646484375 7.5037245750427246094 16.048006057739257813 14.032781600952148438 10.623991012573242188 7.3855290412902832031 9.9163236618041992188 7.7315831184387207031 11.877569198608398438 8.1893177032470703125 6.3900332450866699219 9.5434541702270507813 7.1489686965942382813 7.2723984718322753906 6.7400431632995605469 10.481172561645507813
9.0417356491088867188 7.4948859214782714844 6.5050415992736816406 7.2723984718322753906 7.8284163475036621094 8.2901601791381835938 8.7527942657470703125 15.236324310302734375 6.8541889190673828125 8.1823682785034179688 6.8827362060546875 6.1541757583618164063 7.2078599929809570313 8.1174793243408203125 7.0070843696594238281 6.2853579521179199219 7.4305157661437988281 6.4255089759826660156 8.8459644317626953125 8.7175846099853515625 6.1014957427978515625 6.8033757209777832031 7.7315921783447265625 7.4366369247436523438 7.7906494140625 15.602322578430175781 8.88178253173828125 8.8876352310180664063 9.9874286651611328125 7.1515917778015136719 8.59415435791015625 8.3522090911865234375 11.101374626159667969 8.0659160614013671875 7.7181978225708007813 6.0200438499450683594 8.9234514236450195313 6.3883237838745117188 6.972370147705078125 6.1211061477661132813
8.7290201187133789063 6.8521571159362792969 6.6908230781555175781 7.1489686965942382813 7.5544338226318359375 6.9062147140502929688 6.8838958740234375 6.8541889190673828125 14.535318374633789063 13.748443603515625 6.4480690956115722656 6.8647160530090332031 7.5578632354736328125 8.3703861236572265625 6.3969297409057617188 7.3839702606201171875 7.8947958946228027344 6.4255089759826660156 6.4480690956115722656 6.0752725601196289063 8.7143297195434570313 6.3457775115966796875 7.7832212448120117188 15.048326492309570313 14.26290130615234375 14.540759086608886719 6.4533843994140625 7.4992213249206542969 9.0900316238403320313 6.5065746307373046875 7.0772266387939453125 6.9363012313842773438 10.542113304138183594 7.941341400146484375 7.4366507530212402344 6.8593373298645019531 6.2716584205627441406 8.7050886154174804688 5.836181640625 6.5361623764038085938
7.6051878929138183594 6.6326317787170410156 6.6908230781555175781 7.141216278076171875 6.5501170158386230469 6.3900332450866699219 7.5447621345520019531 8.1365337371826171875 9.0359859466552734375 7.1174221038818359375 13.272597312927246094 7.4955420494079589844 8.9481792449951171875 6.2909445762634277344 6.9359264373779296875 6.2479076385498046875 7.5758833885192871094 8.1494531631469726563 6.1895890235900878906 6.7298040390014648438 7.2895598411560058594 9.2626962661743164063 16.209613800048828125 7.1204409599304199219 6.4502301216125488281 12.408318519592285156 6.4502301216125488281 7.1729731559753417969 8.3291406631469726563 8.0396671295166015625 6.0434598922729492188 5.9360141754150390625 9.303310394287109375 9.4276943206787109375 7.0250506401062011719 6.5848379135131835938 6.173786163330078125 5.6751070022583007813 8.7803659439086914063 5.6968860626220703125
6.7296619415283203125 6.9258251190185546875 6.9258251190185546875 6.4480690956115722656 7.1729731559753417969 7.6778635978698730469 6.2427792549133300781 6.2427792549133300781 7.371623992919921875 9.1542005538940429688 13.653256416320800781 8.3121194839477539063 9.3175344467163085938 7.0900769233703613281 7.2701811790466308594 6.0800914764404296875 6.7709841728210449219 8.778736114501953125 6.5064849853515625 7.6485309600830078125 7.8687930107116699219 14.584054946899414063 10.009030342102050781 8.2968587875366210938 7.2527880668640136719 7.0373969078063964844 13.33728790283203125 7.118656158447265625 8.4825830459594726563 7.5993618965148925781 5.9443712234497070313 6.5596408843994140625 9.0034942626953125 8.8699779510498046875 7.5600805282592773438 6.5387177467346191406 6.2215523719787597656 5.784633636474609375 8.0402402877807617188 7.9776921272277832031
7.1202006340026855469 7.4955420494079589844 6.9062147140502929688 6.4480690956115722656 7.0763773918151855469 6.344249725341796875 6.1584677696228027344 7.0373969078063964844 7.7770891189575195313 8.1886892318725585938 8.5352630615234375 13.888304710388183594 9.485076904296875 6.456844329833984375 8.1840791702270507813 6.456409454345703125 8.3079614639282226563 10.396712303161621094 19.81761932373046875 14.725492477416992188 14.161439895629882813 11.153504371643066406 8.6414947509765625 6.7318549156188964844 8.3514003753662109375 8.07659149169921875 13.554385185241699219 8.871734619140625 6.3380384445190429688 7.2799553871154785156 6.8440103530883789063 5.8430151939392089844 9.055057525634765625 8.3141641616821289063 7.8309903144836425781 7.4841923713684082031 6.3883237838745117188 5.9387845993041992188 7.8913359642028808594 6.9554347991943359375
7.0760226249694824219 6.9359264373779296875 6.344249725341796875 7.1489686965942382813 6.2853579521179199219 7.257080078125 7.9536876678466796875 8.4702367782592773438 8.7483053207397460938 9.0052661895751953125 9.9871091842651367188 9.9909582138061523438 13.635628700256347656 13.713837623596191406 14.072069168090820313 15.790127754211425781 15.792264938354492188 14.726836204528808594 6.8559961318969726563 6.6910853385925292969 7.141216278076171875 10.830096244812011719 7.9536876678466796875 6.2479076385498046875 6.9359264373779296875 6.3445110321044921875 12.63837432861328125 7.4129805564880371094 6.9948177337646484375 6.2839713096618652344 5.6207900047302246094 6.5596408843994140625 9.16338348388671875 7.1791586875915527344 7.8359808921813964844 7.8405747413635253906 7.6101613044738769531 5.9013338088989257813 7.2171649932861328125 6.1121859550476074219
7.2078599929809570313 7.2078599929809570313 6.8647160530090332031 6.2479076385498046875 7.3312902450561523438 7.9994711875915527344 8.4702367782592773438 8.7483053207397460938 8.8824930191040039063 9.89144134521484375 7.1476569175720214844 13.388269424438476563 13.176942825317382813 13.533530235290527344 14.220516204833984375 10.854337692260742188 6.3975362777709960938 7.3053479194641113281 6.3844256401062011719 6.5501170158386230469 10.835774421691894531 7.2701811790466308594 6.597064971923828125 6.597064971923828125 6.1014957427978515625 7.2575325965881347656 12.288532257080078125 6.7950873374938964844 6.4538722038269042969 6.2215523719787597656 5.6951766014099121094 5.8811292648315429688 8.8804531097412109375 7.2600522041320800781 6.8006620407104492188 7.7797641754150390625 7.9531993865966796875 7.4831957817077636719 6.2825880050659179688 6.1793727874755859375
7.5643444061279296875 7.5640244483947753906 7.34454345703125 6.2065110206604003906 7.0859789848327636719 6.9268641471862792969 7.6183419227600097656 7.9010071754455566406 8.1909265518188476563 9.447845458984375 13.436486244201660156 6.3934698104858398438 6.0229125022888183594 6.48392486572265625 7.4886851310729980469 10.125348091125488281 6.8164792060852050781 6.2909445762634277344 6.5596408843994140625 7.9364113807678222656 10.742506027221679688 6.9410548210144042969 6.0752725601196289063 6.2326779365539550781 7.118656158447265625 8.4960269927978515625 7.965545654296875 12.464226722717285156 5.836181640625 5.5744738578796386719 5.8861041069030761719 6.2035431861877441406 6.7400431632995605469 8.6331348419189453125 6.7989349365234375 6.4558215141296386719 7.9659543037414550781 7.9928059577941894531 7.1791586875915527344 5.836181640625
8.9855833053588867188 9.42583465576171875 6.8129072189331054688 8.6515331268310546875 9.4568548202514648438 10.036211013793945313 9.889507293701171875 13.712278366088867188 13.594815254211425781 13.434481620788574219 6.2282924652099609375 5.1430344581604003906 5.007175445556640625 5.6410479545593261719 6.6900424957275390625 10.061319351196289063 6.7289533615112304688 8.5248365402221679688 8.827045440673828125 11.291812896728515625 9.5715007781982421875 9.0042209625244140625 6.6910853385925292969 7.2527880668640136719 6.5893526077270507813 8.3002614974975585938 7.9010071754455566406 12.912568092346191406 7.0839419364929199219 6.3168873786926269531 5.9853296279907226563 6.4480690956115722656 6.344249725341796875 8.5864019393920898438 6.5792512893676757813 6.7131910324096679688 6.4558215141296386719 8.1236629486083984375 7.7620730400085449219 7.1057524681091308594
14.685244560241699219 15.060103416442871094 14.715723037719726563 15.3428192138671875 18.837259292602539063 15.359631538391113281 14.342996597290039063 6.6908230781555175781 8.2375202178955078125 9.864933013916015625 6.0847992897033691406 5.349456787109375 5.6621613502502441406 5.1340656280517578125 5.7897620201110839844 7.3701629638671875 10.940928459167480469 8.5586490631103515625 9.249401092529296875 15.946110725402832031 10.922514915466308594 8.8537302017211914063 7.5474061965942382813 6.6319317817687988281 6.3900332450866699219 7.4886455535888671875 7.4647665023803710938 13.363730430603027344 10.226453781127929688 6.8009343147277832031 6.4461498260498046875 6.0789356231689453125 6.5050415992736816406 6.3380384445190429688 8.5156526565551757813 6.344249725341796875 6.6319317817687988281 7.6716523170471191406 5.9250850677490234375 7.6294817924499511719
