data/twi.asc
ncols        95
nrows        77
xllcorner    639958.572799999965
yllcorner    6699796.106700000353
cellsize     30.000000000000
NODATA_value  -1
[rows 18 to 35 of 77, columns 0 to 39 of 95]
6.4558215141296386719 6.2277026176452636719 6.660511016845703125 8.377857208251953125 11.131518363952636719 6.660511016845703125 6.7946429252624511719 6.0789356231689453125 6.1715688705444335938 5.9387845993041992188 5.72869873046875 6.0752725601196289063 7.141216278076171875 6.4798259735107421875 6.802394866943359375 7.3839702606201171875 6.2130675315856933594 7.0659761428833007813 6.9948177337646484375 7.1489686965942382813 7.4305157661437988281 8.3939790725708007813 7.6772389411926269531 6.1895890235900878906 6.5792512893676757813 7.7305440902709960938 7.3839702606201171875 7.0373969078063964844 7.3839702606201171875 7.4129819869995117188 8.47061920166015625 8.419513702392578125 8.8078975677490234375 6.7886953353881835938 6.2326779365539550781 6.344249725341796875 7.3839702606201171875 8.0647716522216796875 7.99266815185546875 8.747341156005859375
6.2130675315856933594 6.1014957427978515625 7.7578043937683105469 6.3364973068237304688 9.5002508163452148438 10.934520721435546875 6.5501170158386230469 6.4798259735107421875 6.4480690956115722656 8.0380582809448242188 7.2527880668640136719 6.972370147705078125 7.2001080513000488281 7.0900769233703613281 7.3839702606201171875 6.5893526077270507813 6.5792512893676757813 6.5181427001953125 7.4366507530212402344 7.6189723014831542969 7.6139969825744628906 8.7421445846557617188 7.99266815185546875 7.3263149261474609375 6.9062147140502929688 7.3839702606201171875 7.0900769233703613281 7.7305440902709960938 6.4480690956115722656 6.802394866943359375 6.344249725341796875 10.034516334533691406 6.344249725341796875 6.7607736587524414063 6.2427792549133300781 6.3139371871948242188 8.1886892318725585938 6.5792512893676757813 7.0236973762512207031 9.2346210479736328125
5.9976758956909179688 7.3934345245361328125 6.6182322502136230469 5.9387845993041992188 6.285182952880859375 10.913526535034179688 12.231189727783203125 6.9283471107482910156 8.85582733154296875 8.0780658721923828125 7.5892605781555175781 7.529666900634765625 6.6291613578796386719 6.4798259735107421875 7.2527880668640136719 6.1332526206970214844 6.43854522705078125 6.9236078262329101563 7.2197184562683105469 7.65633392333984375 7.5680551528930664063 8.85152435302734375 8.3514003753662109375 7.1489686965942382813 7.0962882041931152344 6.344249725341796875 6.7720828056335449219 7.7305440902709960938 6.344249725341796875 5.9039177894592285156 7.461566925048828125 9.7695188522338867188 7.4229512214660644531 5.4862256050109863281 6.1404767036437988281 6.0071401596069335938 6.6319317817687988281 6.3319034576416015625 6.3682541847229003906 6.8852910995483398438
5.8118944168090820313 7.0025300979614257813 6.1584677696228027344 6.2853579521179199219 7.2537980079650878906 11.024702072143554688 15.800535202026367188 12.047888755798339844 10.261935234069824219 7.3244566917419433594 6.7223525047302246094 6.43854522705078125 5.9673638343811035156 6.4558215141296386719 6.2853579521179199219 6.5203599929809570313 6.3883237838745117188 7.4344334602355957031 7.4063382148742675781 7.3449115753173828125 7.8386554718017578125 9.4352922439575195313 8.909198760986328125 7.7503767013549804688 6.5293288230895996094 6.7946429252624511719 6.4558215141296386719 6.7720828056335449219 6.8142533302307128906 6.4092326164245605469 5.8861041069030761719 9.5867815017700195313 7.6854205131530761719 6.677715301513671875 5.2456374168395996094 5.72869873046875 6.9062147140502929688 7.2527880668640136719 5.7232542037963867188 6.0486230850219726563
5.6734704971313476563 6.344249725341796875 5.7607250213623046875 7.2432641983032226563 9.86498260498046875 6.5073008537292480469 10.246073722839355469 8.4159212112426757813 10.541775703430175781 7.5791921615600585938 7.0484557151794433594 6.9347939491271972656 6.89669036865234375 6.6319317817687988281 6.0366568565368652344 6.4558215141296386719 6.8593373298645019531 5.8249955177307128906 7.7503767013549804688 7.6294817924499511719 7.7310061454772949219 9.816253662109375 9.546543121337890625 7.4063382148742675781 6.8731446266174316406 6.7298040390014648438 6.3139371871948242188 6.3832302093505859375 6.5868082046508789063 6.719402313232421875 7.6854205131530761719 9.7115449905395507813 8.6859531402587890625 6.4149994850158691406 5.84015655517578125 6.0063443183898925781 5.5547604560852050781 5.8811292648315429688 5.7453980445861816406 5.8854794502258300781
5.6900830268859863281 5.6433501243591308594 6.1827549934387207031 6.6839265823364257813 9.2557725906372070313 6.0339946746826171875 9.4822607040405273438 7.3249769210815429688 7.5607304573059082031 9.7698421478271484375 6.8852910995483398438 6.5293288230895996094 6.4798259735107421875 7.4366507530212402344 7.2001080513000488281 6.5669050216674804688 6.9847164154052734375 7.2723984718322753906 6.6634607315063476563 8.0474061965942382813 8.0774669647216796875 10.685810089111328125 8.1893186569213867188 6.1332526206970214844 6.8535342216491699219 6.5181427001953125 6.3139371871948242188 6.2479076385498046875 6.3380384445190429688 6.6368947029113769531 5.8184018135070800781 9.7376947402954101563 8.7549457550048828125 6.8827362060546875 6.4421219825744628906 6.0844807624816894531 5.465320587158203125 6.1930413246154785156 5.4380602836608886719 5.32689666748046875
5.8118944168090820313 5.8936610221862792969 6.2622876167297363281 6.2716584205627441406 9.1331701278686523438 9.4572010040283203125 6.4839410781860351563 6.7989349365234375 6.8365197181701660156 8.9484405517578125 8.1886892318725585938 6.94162750244140625 6.6319317817687988281 6.9258251190185546875 6.7400431632995605469 7.7168445587158203125 8.3514003753662109375 9.6568441390991210938 9.76781463623046875 10.3600921630859375 8.7971630096435546875 11.113680839538574219 8.636470794677734375 7.5993618965148925781 6.9236078262329101563 6.3364973068237304688 6.0468959808349609375 6.2277026176452636719 6.6677527427673339844 6.6374182701110839844 7.4037795066833496094 10.124943733215332031 8.5057744979858398438 7.6193804740905761719 7.520458221435546875 6.972370147705078125 6.0366568565368652344 6.9847164154052734375 6.3364973068237304688 5.7626743316650390625
6.2130675315856933594 6.0752725601196289063 5.784633636474609375 6.8731446266174316406 9.1575059890747070313 9.7249317169189453125 6.0789356231689453125 6.5293288230895996094 6.3489594459533691406 8.6995153427124023438 7.2224760055541992188 6.660511016845703125 6.5893526077270507813 6.5501170158386230469 6.6182322502136230469 7.6165781021118164063 9.2284097671508789063 5.8249955177307128906 7.118656158447265625 8.1354990005493164063 11.324183464050292969 10.898122787475585938 8.56288909912109375 8.3668031692504882813 7.1489686965942382813 6.8440103530883789063 5.8936610221862792969 6.0200438499450683594 5.5432949066162109375 7.3266053199768066406 9.0975027084350585938 11.1299591064453125 7.0854120254516601563 6.4310545921325683594 5.8272128105163574219 6.7946429252624511719 6.9062147140502929688 6.7298040390014648438 7.8371405601501464844 7.2359800338745117188
6.3969297409057617188 6.1092476844787597656 6.6291613578796386719 6.0335364341735839844 9.5237722396850585938 10.514957427978515625 6.5793561935424804688 6.3139371871948242188 6.1092476844787597656 7.371623992919921875 8.6468343734741210938 7.0236973762512207031 6.2909445762634277344 6.2130675315856933594 6.5361623764038085938 8.9407281875610351563 6.0071401596069335938 6.3243389129638671875 6.1373677253723144531 6.9771184921264648438 7.0572295188903808594 10.853963851928710938 12.487633705139160156 8.0820293426513671875 7.5254836082458496094 5.8254857063293457031 5.8118944168090820313 5.6511025428771972656 6.2839713096618652344 7.119373321533203125 10.093035697937011719 11.176614761352539063 6.0800127983093261719 7.3940715789794921875 7.1149930953979492188 5.9976758956909179688 6.743503570556640625 7.118656158447265625 6.1211061477661132813 7.9045271873474121094
6.344249725341796875 6.2326779365539550781 7.2001080513000488281 7.8713126182556152344 9.4644622802734375 10.482485771179199219 8.0002622604370117188 6.9062147140502929688 6.344249725341796875 6.9258251190185546875 8.7975254058837890625 6.1014957427978515625 6.3832302093505859375 6.7298040390014648438 7.4023022651672363281 8.4825830459594726563 6.4480690956115722656 6.0468959808349609375 6.793788909912109375 6.2277026176452636719 8.2865619659423828125 8.7207202911376953125 9.628421783447265625 13.090681076049804688 11.729563713073730469 5.9451694488525390625 6.43854522705078125 6.2716584205627441406 5.6968860626220703125 7.5445809364318847656 9.573017120361328125 11.005311965942382813 7.9814929962158203125 6.5293288230895996094 5.7323617935180664063 6.5181427001953125 6.1332526206970214844 6.6319317817687988281 6.5944809913635253906 6.9347939491271972656
6.5792512893676757813 6.7720828056335449219 6.8827362060546875 6.7136030197143554688 8.27902984619140625 9.4510145187377929688 7.14594268798828125 6.660511016845703125 6.2853579521179199219 6.4480690956115722656 9.1757297515869140625 6.5792512893676757813 6.7720828056335449219 6.743503570556640625 6.4558215141296386719 7.7894353866577148438 6.3380384445190429688 6.9840917587280273438 6.2479076385498046875 8.4135894775390625 5.60772705078125 8.7411298751831054688 6.0220632553100585938 8.8917369842529296875 10.845890045166015625 12.11004638671875 7.3021554946899414063 7.0983500480651855469 6.8195848464965820313 7.9311132431030273438 10.868151664733886719 8.265018463134765625 7.2215623855590820313 5.9250850677490234375 6.972370147705078125 6.5792512893676757813 6.0503563880920410156 6.4798259735107421875 6.6182322502136230469 6.9109520912170410156
7.1489686965942382813 7.7305440902709960938 6.3319034576416015625 6.743503570556640625 7.461566925048828125 8.7869853973388671875 6.9236078262329101563 6.5868082046508789063 6.2479076385498046875 6.344249725341796875 8.5251617431640625 7.8421158790588378906 7.0373969078063964844 6.3319034576416015625 6.6634607315063476563 7.1455082893371582031 6.6182322502136230469 7.2197184562683105469 9.1150665283203125 7.8118033409118652344 8.6311550140380859375 7.0250506401062011719 7.6468482017517089844 8.6080541610717773438 9.595920562744140625 10.207854270935058594 12.21450042724609375 12.159272193908691406 12.650785446166992188 9.3075494766235351563 11.755784034729003906 9.1624345779418945313 6.7982306480407714844 7.3839702606201171875 7.0962882041931152344 6.6908230781555175781 6.1895890235900878906 7.3839702606201171875 6.8647160530090332031 6.9854555130004882813
7.7894353866577148438 7.118656158447265625 6.5501170158386230469 7.2001080513000488281 8.1645879745483398438 6.5028910636901855469 6.8914766311645507813 6.8142533302307128906 6.5050415992736816406 6.3832302093505859375 7.3312902450561523438 7.0763773918151855469 7.4652299880981445313 6.743503570556640625 6.9785051345825195313 6.2479076385498046875 5.9039177894592285156 8.2724971771240234375 8.0575075149536132813 8.5864019393920898438 6.7298040390014648438 6.1332526206970214844 6.5715336799621582031 7.7845702171325683594 7.36658477783203125 5.8184475898742675781 7.5074005126953125 8.305011749267578125 12.782746315002441406 13.954825401306152344 11.974679946899414063 12.028810501098632813 7.8993444442749023438 7.3573536872863769531 8.0865812301635742188 7.688373565673828125 7.3021554946899414063 7.0373969078063964844 6.4480690956115722656 6.9420680999755859375
7.0250506401062011719 6.3900332450866699219 7.0763773918151855469 6.2479076385498046875 8.0551576614379882813 5.9387845993041992188 6.2035431861877441406 7.0373969078063964844 7.7305440902709960938 7.8421158790588378906 6.9258251190185546875 6.4798259735107421875 6.6319317817687988281 6.6908230781555175781 6.4480690956115722656 7.8129811286926269531 7.9893698692321777344 7.5195469856262207031 8.6014385223388671875 6.6291613578796386719 5.6237401962280273438 6.0698275566101074219 7.5104217529296875 6.5786266326904296875 5.1312956809997558594 5.9298372268676757813 5.5894408226013183594 7.3570127487182617188 8.8608751296997070313 12.958079338073730469 10.754120826721191406 13.1784515380859375 9.63185882568359375 8.2713975906372070313 5.9673638343811035156 6.1211061477661132813 6.2130675315856933594 6.3319034576416015625 7.118656158447265625 6.0332899093627929688
6.0789356231689453125 6.3319034576416015625 6.4480690956115722656 7.6485309600830078125 7.6175036430358886719 7.148967742919921875 8.1886892318725585938 7.4366507530212402344 7.0900769233703613281 6.6319317817687988281 6.5792512893676757813 7.1489686965942382813 7.2527880668640136719 7.2723984718322753906 7.7770891189575195313 6.3900332450866699219 7.2359800338745117188 6.6908230781555175781 8.0154561996459960938 5.8811292648315429688 5.784633636474609375 7.1366224288940429688 6.4149994850158691406 6.2382645606994628906 5.0392146110534667969 5.6913518905639648438 6.48348236083984375 7.1502203941345214844 6.6546206474304199219 7.8992052078247070313 12.3590240478515625 12.505438804626464844 10.019162178039550781 6.0800127983093261719 6.6908230781555175781 6.7400431632995605469 6.6182322502136230469 5.9443712234497070313 6.4480690956115722656 6.6784768104553222656
6.9651060104370117188 6.5050415992736816406 7.1489686965942382813 6.8532443046569824219 8.1886758804321289063 7.4968476295471191406 6.5792512893676757813 7.4886455535888671875 6.2909445762634277344 7.4955420494079589844 6.5944809913635253906 5.9976758956909179688 6.4798259735107421875 6.5792512893676757813 7.0373969078063964844 7.8118033409118652344 6.5792512893676757813 7.4428620338439941406 6.9359264373779296875 7.0070843696594238281 6.2035431861877441406 7.0025300979614257813 6.3489594459533691406 6.173786163330078125 5.1340656280517578125 5.5592908859252929688 6.3662548065185546875 5.8249955177307128906 7.3536581993103027344 6.8270654678344726563 6.3151011466979980469 12.876626014709472656 10.252305984497070313 7.2359800338745117188 6.9922733306884765625 6.0200438499450683594 7.9128656387329101563 6.7400431632995605469 6.1014957427978515625 7.3839702606201171875
6.6908230781555175781 6.7720828056335449219 7.7305440902709960938 7.9523944854736328125 8.7290201187133789063 9.0413341522216796875 7.118656158447265625 8.3939790725708007813 6.3900332450866699219 8.0827045440673828125 7.461566925048828125 6.6517643928527832031 6.2909445762634277344 6.3900332450866699219 7.6189723014831542969 8.1886892318725585938 7.7305440902709960938 7.8421158790588378906 8.5352630615234375 8.5352630615234375 7.4955420494079589844 6.9258251190185546875 6.5792512893676757813 6.7720828056335449219 5.4279589653015136719 4.8956036567687988281 5.8737578392028808594 6.9555821418762207031 6.2130675315856933594 8.3868131637573242188 8.4768304824829101563 8.7988443374633789063 12.702090263366699219 7.5074005126953125 7.4278397560119628906 7.9132738113403320313 6.3139371871948242188 6.9062147140502929688 5.9673638343811035156 6.2427792549133300781
6.5050415992736816406 7.2527880668640136719 8.1886892318725585938 7.2539997100830078125 7.0379204750061035156 7.3711118698120117188 8.6995153427124023438 9.0763721466064453125 9.6352624893188476563 8.6586933135986328125 8.2901601791381835938 6.660511016845703125 6.2035431861877441406 6.89669036865234375 7.6189723014831542969 6.2909445762634277344 6.6784768104553222656 7.0373969078063964844 6.8516149520874023438 6.7720828056335449219 6.7720828056335449219 6.802394866943359375 6.5501170158386230469 6.4798259735107421875 5.6020288467407226563 5.7907938957214355469 6.3211789131164550781 7.1149930953979492188 8.3273487091064453125 6.2035431861877441406 5.9250850677490234375 6.6291613578796386719 8.8812417984008789063 12.437795639038085938 7.9786696434020996094 6.439754486083984375 7.1489686965942382813 6.8142533302307128906 5.9250850677490234375 6.5792512893676757813
